date,pm10,pm2_5,carbon_monoxide,nitrogen_dioxide,sulphur_dioxide,ozone,aerosol_optical_depth,dust,uv_index,us_aqi,european_aqi
2022-08-01,,,,,,,,,,,
2022-08-02,,,,,,,,,,,
2022-08-03,,,,,,,,,,,
2022-08-04,15.242105263157896,10.647368421052633,288.89473684210526,17.910526315789475,4.484210526315789,44.05263157894737,0.19,0.0,0.781578947368421,,
2022-08-05,6.1375,4.295833333333333,170.75,10.245833333333334,2.0416666666666665,37.791666666666664,0.049999999999999996,0.0,0.38125000000000003,28.789473684210527,15.263157894736842
2022-08-06,7.133333333333333,4.9875,171.625,10.641666666666667,1.8958333333333333,38.208333333333336,0.07583333333333334,0.0,0.5791666666666667,18.75,15.25
2022-08-07,7.783333333333334,5.420833333333333,175.91666666666666,11.345833333333333,2.0124999999999997,37.458333333333336,0.12166666666666666,0.08333333333333333,0.3666666666666667,21.458333333333332,15.0
2022-08-08,5.720833333333334,3.9458333333333333,145.66666666666666,7.016666666666667,1.9124999999999999,43.5,0.14791666666666667,0.20833333333333334,1.8187499999999999,22.25,17.458333333333332
2022-08-09,6.8875,4.504166666666666,145.5,6.2250000000000005,2.0541666666666667,45.125,0.21333333333333335,0.8333333333333334,2.1062499999999997,21.166666666666668,18.125
2022-08-10,8.529166666666667,5.3999999999999995,148.66666666666666,6.195833333333333,2.0208333333333335,43.458333333333336,0.23083333333333333,2.0,2.1416666666666666,21.25,17.333333333333332
2022-08-11,7.808333333333334,5.1000000000000005,142.5,6.383333333333333,2.0833333333333335,39.833333333333336,0.17958333333333334,1.375,2.2333333333333334,23.125,16.25
2022-08-12,8.295833333333333,5.579166666666667,154.20833333333334,8.35,2.1333333333333333,34.625,0.14666666666666667,0.5833333333333334,2.279166666666667,20.791666666666668,14.416666666666666
2022-08-13,10.425,6.879166666666666,161.54166666666666,8.379166666666666,2.4250000000000003,36.583333333333336,0.19625,1.5,1.8687500000000001,26.958333333333332,15.75
2022-08-14,14.450000000000001,9.487499999999999,204.75,12.720833333333333,2.8041666666666667,33.333333333333336,0.22541666666666668,2.5416666666666665,1.5958333333333332,32.416666666666664,17.0
2022-08-15,17.5,11.3375,261.375,17.220833333333335,3.3249999999999997,31.708333333333332,0.2654166666666667,3.625,1.59375,42.541666666666664,21.0
2022-08-16,27.96666666666667,17.7,364.375,21.450000000000003,4.433333333333334,36.833333333333336,0.2920833333333333,6.958333333333333,2.3125,56.666666666666664,30.25
2022-08-17,36.604166666666664,23.820833333333336,481.6666666666667,23.295833333333334,6.345833333333334,32.083333333333336,0.2791666666666667,6.666666666666667,2.2875,72.79166666666667,51.125
2022-08-18,23.245833333333334,13.8125,247.04166666666666,14.4375,3.454166666666667,34.708333333333336,0.3329166666666667,9.916666666666666,2.2479166666666663,60.333333333333336,34.625
2022-08-19,18.695833333333333,11.758333333333333,222.54166666666666,13.145833333333334,3.1291666666666664,33.458333333333336,0.34,4.958333333333333,1.8208333333333335,50.958333333333336,25.416666666666668
2022-08-20,15.279166666666667,9.570833333333333,193.41666666666666,10.854166666666666,3.1291666666666664,33.375,0.255,4.083333333333333,1.5979166666666667,46.041666666666664,22.291666666666668
2022-08-21,10.783333333333333,7.3374999999999995,177.83333333333334,9.908333333333333,2.8625000000000003,29.375,0.1975,0.9166666666666666,1.4229166666666666,35.083333333333336,17.166666666666668
2022-08-22,9.583333333333334,6.5,164.45833333333334,9.129166666666666,2.6999999999999997,31.0,0.22958333333333333,0.625,1.4000000000000001,29.875,15.75
2022-08-23,10.0375,6.816666666666666,184.875,10.991666666666667,2.954166666666667,33.458333333333336,0.28250000000000003,0.7083333333333334,1.175,26.166666666666668,14.833333333333334
2022-08-24,13.266666666666666,8.8875,219.08333333333334,14.379166666666668,2.9125,28.5,0.2841666666666667,1.5416666666666667,0.8583333333333334,31.625,15.833333333333334
2022-08-25,13.470833333333333,8.875,213.04166666666666,13.070833333333333,2.4541666666666666,35.166666666666664,0.2325,2.2916666666666665,1.2979166666666666,37.666666666666664,19.083333333333332
2022-08-26,20.870833333333334,13.670833333333334,328.6666666666667,19.308333333333334,3.1916666666666664,33.0,0.27208333333333334,3.7916666666666665,1.3104166666666666,43.875,21.541666666666668
2022-08-27,19.9875,13.729166666666666,299.9583333333333,19.229166666666668,3.4291666666666667,40.083333333333336,0.24791666666666667,1.1666666666666667,1.6979166666666667,56.666666666666664,30.416666666666668
2022-08-28,19.620833333333334,13.141666666666666,298.6666666666667,18.7375,3.3000000000000003,38.291666666666664,0.24833333333333332,1.9166666666666667,1.3145833333333334,47.375,24.916666666666668
2022-08-29,30.212500000000002,20.816666666666666,427.5,26.791666666666668,4.170833333333333,45.166666666666664,0.5629166666666666,1.0833333333333333,1.2020833333333334,61.333333333333336,34.833333333333336
2022-08-30,31.6375,21.962500000000002,374.8333333333333,23.445833333333336,4.220833333333333,57.666666666666664,0.43083333333333335,0.5833333333333334,2.05625,73.95833333333333,53.333333333333336
2022-08-31,25.99166666666667,17.991666666666667,308.4583333333333,18.466666666666665,5.879166666666666,51.791666666666664,0.28375,0.0,2.004166666666667,63.5,37.0
2022-09-01,45.5,31.583333333333332,502.7916666666667,29.379166666666666,8.4,39.75,0.3066666666666667,0.0,1.825,77.79166666666667,55.166666666666664
2022-09-02,33.699999999999996,23.5125,423.8333333333333,25.962500000000002,7.654166666666666,54.833333333333336,0.26416666666666666,0.0,2.2645833333333334,86.45833333333333,63.0
2022-09-03,39.65833333333333,27.691666666666666,491.0416666666667,30.304166666666664,7.1000000000000005,61.083333333333336,0.325,0.0,2.2833333333333337,79.25,59.125
2022-09-04,28.7375,20.079166666666666,393.0416666666667,24.929166666666664,4.195833333333334,56.25,0.36375,0.0,1.6104166666666666,72.45833333333333,49.708333333333336
2022-09-05,28.370833333333334,19.837500000000002,391.1666666666667,25.037499999999998,4.675,61.416666666666664,0.3558333333333333,0.0,1.7437500000000001,67.04166666666667,42.041666666666664
2022-09-06,21.820833333333336,15.245833333333332,327.0416666666667,18.849999999999998,3.8708333333333336,60.791666666666664,0.24083333333333334,0.0,2.05,62.333333333333336,37.541666666666664
2022-09-07,11.891666666666666,8.291666666666666,226.875,12.258333333333333,3.1791666666666667,41.541666666666664,0.11541666666666667,0.0,2.2395833333333335,49.083333333333336,25.25
2022-09-08,10.1,7.045833333333333,203.0,11.866666666666667,2.75,34.625,0.07875,0.0,1.3499999999999999,29.625,17.0
2022-09-09,8.549999999999999,5.991666666666667,184.625,9.3125,3.0041666666666664,42.958333333333336,0.0725,0.0,1.7125000000000001,28.166666666666668,17.291666666666668
2022-09-10,7.029166666666666,4.883333333333334,172.95833333333334,7.883333333333333,2.6916666666666664,43.625,0.08291666666666667,0.0,1.9145833333333335,23.666666666666668,17.541666666666668
2022-09-11,7.120833333333334,4.85,168.125,7.054166666666667,2.5124999999999997,42.291666666666664,0.1325,0.25,1.8791666666666667,21.541666666666668,16.916666666666668
2022-09-12,7.983333333333333,5.375,175.83333333333334,8.579166666666667,2.7583333333333333,40.0,0.12791666666666668,0.5416666666666666,2.066666666666667,21.458333333333332,16.0
2022-09-13,11.9375,7.966666666666666,216.04166666666666,12.35,3.3375,36.958333333333336,0.14708333333333334,1.25,2.0416666666666665,27.0,17.083333333333332
2022-09-14,14.579166666666666,9.958333333333334,229.66666666666666,14.429166666666667,3.3249999999999997,32.958333333333336,0.15166666666666667,0.4583333333333333,1.7520833333333332,36.333333333333336,19.291666666666668
2022-09-15,17.533333333333335,11.441666666666668,252.08333333333334,15.791666666666666,3.3166666666666664,33.583333333333336,0.16166666666666665,2.5833333333333335,2.125,47.291666666666664,23.458333333333332
2022-09-16,16.691666666666666,11.229166666666666,257.9583333333333,15.4625,3.1750000000000003,36.125,0.1525,1.2083333333333333,1.84375,45.416666666666664,23.0
2022-09-17,18.254166666666666,12.387500000000001,294.9583333333333,17.691666666666666,3.6,36.875,0.14166666666666666,0.6666666666666666,2.127083333333333,49.958333333333336,25.541666666666668
2022-09-18,16.8875,11.495833333333332,275.1666666666667,16.491666666666667,3.483333333333333,38.791666666666664,0.12958333333333333,0.625,2.1979166666666665,47.875,25.041666666666668
2022-09-19,19.92083333333333,13.158333333333333,264.1666666666667,16.212500000000002,3.25,38.375,0.18125,2.0416666666666665,1.804166666666667,51.583333333333336,26.166666666666668
2022-09-20,21.991666666666664,14.391666666666666,270.25,16.829166666666666,3.1875,37.541666666666664,0.21125000000000002,2.875,2.029166666666667,52.833333333333336,27.375
2022-09-21,27.229166666666668,18.004166666666666,381.8333333333333,20.599999999999998,3.6374999999999997,34.541666666666664,0.20291666666666666,3.0833333333333335,1.7208333333333332,57.583333333333336,31.25
2022-09-22,30.53333333333333,20.054166666666667,450.625,24.295833333333334,3.954166666666667,39.708333333333336,0.215,3.4583333333333335,1.8875,66.33333333333333,39.791666666666664
2022-09-23,26.420833333333334,17.4375,347.1666666666667,21.629166666666666,3.720833333333333,43.375,0.16833333333333333,2.6666666666666665,2.45,67.25,40.708333333333336
2022-09-24,18.554166666666667,12.5375,272.5416666666667,18.650000000000002,3.216666666666667,36.375,0.15166666666666667,1.625,2.05625,54.083333333333336,28.458333333333332
2022-09-25,22.883333333333336,15.329166666666666,344.5416666666667,22.150000000000002,3.475,36.666666666666664,0.13791666666666666,1.8333333333333333,2.2687500000000003,53.583333333333336,28.416666666666668
2022-09-26,32.59583333333333,22.02916666666667,474.6666666666667,26.354166666666668,5.029166666666667,44.833333333333336,0.22958333333333333,1.5,1.9729166666666667,62.666666666666664,37.166666666666664
2022-09-27,33.387499999999996,22.95,533.7916666666666,32.0875,5.175,40.125,0.21708333333333332,0.4583333333333333,2.03125,77.375,58.25
2022-09-28,30.2,20.666666666666668,446.5,27.433333333333334,4.479166666666667,47.375,0.25166666666666665,0.125,1.925,67.41666666666667,41.916666666666664
2022-09-29,25.641666666666666,17.616666666666667,472.4166666666667,25.275000000000002,4.591666666666667,37.25,0.20291666666666666,0.125,1.95625,63.833333333333336,37.208333333333336
2022-09-30,19.9375,13.745833333333332,315.8333333333333,19.6875,3.3708333333333336,38.625,0.23875000000000002,0.0,1.2958333333333334,62.75,35.916666666666664
2022-10-01,12.266666666666666,8.575000000000001,222.83333333333334,14.233333333333334,2.4625,35.5,0.23458333333333334,0.0,0.65,41.666666666666664,20.708333333333332
2022-10-02,20.158333333333335,14.016666666666666,272.5833333333333,16.6125,3.0124999999999997,50.291666666666664,0.33666666666666667,0.0,0.725,38.833333333333336,23.333333333333332
2022-10-03,27.291666666666668,18.775000000000002,283.3333333333333,17.991666666666667,3.3625000000000003,49.541666666666664,0.4975,0.25,1.1083333333333334,59.708333333333336,33.291666666666664
2022-10-04,34.09166666666667,23.337500000000002,342.9583333333333,22.8,4.070833333333334,54.25,0.48458333333333337,0.5833333333333334,1.53125,70.08333333333333,46.0
2022-10-05,35.225,24.241666666666664,327.3333333333333,20.570833333333333,4.1499999999999995,66.04166666666667,0.5033333333333333,0.5833333333333334,1.5250000000000001,77.54166666666667,58.708333333333336
2022-10-06,29.004166666666666,20.0625,334.8333333333333,20.858333333333334,3.595833333333333,54.791666666666664,0.46625,0.125,0.8645833333333334,71.83333333333333,49.25
2022-10-07,25.004166666666666,16.745833333333334,295.9583333333333,19.729166666666668,4.491666666666666,47.416666666666664,0.29875,0.5,2.0749999999999997,63.916666666666664,37.375
2022-10-08,26.875,18.375,437.5,24.833333333333332,5.05,37.916666666666664,0.18041666666666667,0.25,1.7604166666666667,57.791666666666664,32.083333333333336
2022-10-09,35.22083333333333,24.27916666666667,485.3333333333333,32.958333333333336,5.9750000000000005,38.375,0.315,0.0,1.0999999999999999,74.75,54.291666666666664
2022-10-10,30.09166666666667,21.0,422.0,27.733333333333334,5.7875000000000005,46.333333333333336,0.3070833333333333,0.0,1.1125,70.5,46.416666666666664
2022-10-11,28.075,19.633333333333333,430.0833333333333,24.59583333333333,6.683333333333334,65.45833333333333,0.27499999999999997,0.0,1.7541666666666667,65.70833333333333,42.458333333333336
2022-10-12,40.71666666666667,28.329166666666666,525.125,33.550000000000004,6.075,57.458333333333336,0.37958333333333333,0.0,1.2270833333333333,81.79166666666667,59.041666666666664
2022-10-13,34.050000000000004,23.7375,457.5,29.441666666666666,4.8125,54.375,0.3429166666666667,0.0,1.0208333333333333,76.375,56.083333333333336
2022-10-14,29.691666666666666,20.741666666666667,441.0,28.40833333333333,5.0249999999999995,61.583333333333336,0.305,0.0,1.1395833333333334,73.70833333333333,52.541666666666664
2022-10-15,21.670833333333334,15.15,371.6666666666667,24.0,4.3374999999999995,54.875,0.205,0.0,1.3541666666666667,60.375,35.25
2022-10-16,24.729166666666668,17.245833333333334,351.2083333333333,24.020833333333332,5.425,55.875,0.26625,0.0,1.3229166666666667,59.041666666666664,33.541666666666664
2022-10-17,23.104166666666668,16.025000000000002,319.4166666666667,21.245833333333334,4.845833333333333,52.0,0.23708333333333334,0.0,1.7625,61.166666666666664,34.416666666666664
2022-10-18,27.895833333333332,19.370833333333334,366.625,24.104166666666668,6.883333333333333,55.083333333333336,0.27416666666666667,0.0,1.4854166666666666,60.666666666666664,34.875
2022-10-19,37.324999999999996,26.004166666666666,514.5833333333334,32.766666666666666,5.704166666666667,50.875,0.3154166666666667,0.0,1.4937500000000001,76.95833333333333,57.291666666666664
2022-10-20,33.233333333333334,22.804166666666664,498.1666666666667,29.8875,5.404166666666666,56.125,0.29875,0.0,1.0729166666666667,73.70833333333333,52.416666666666664
2022-10-21,24.5125,16.566666666666666,417.4583333333333,24.008333333333336,4.3125,50.5,0.26333333333333336,0.0,1.3583333333333334,64.20833333333333,38.5
2022-10-22,45.237500000000004,30.9375,578.7916666666666,32.9125,6.2,65.08333333333333,0.40291666666666665,0.0,1.675,75.70833333333333,52.833333333333336
2022-10-23,50.35,35.020833333333336,618.0416666666666,35.729166666666664,11.475,72.625,0.2870833333333333,0.0,2.0395833333333333,97.79166666666667,67.5
2022-10-24,46.62083333333334,32.32083333333333,522.25,30.412499999999998,10.879166666666668,78.20833333333333,0.21416666666666664,1.5833333333333333,2.160416666666667,92.04166666666667,65.5
2022-10-25,47.9,33.28333333333333,551.8333333333334,34.63333333333333,11.054166666666667,80.625,0.21916666666666665,1.375,2.2020833333333334,92.91666666666667,65.75
2022-10-26,61.79583333333333,42.854166666666664,514.7916666666666,27.0625,14.408333333333333,101.5,0.3129166666666667,2.25,2.1125000000000003,107.75,69.41666666666667
2022-10-27,41.324999999999996,28.258333333333336,399.7083333333333,18.491666666666667,12.554166666666667,88.33333333333333,0.22,0.625,2.2062500000000003,108.20833333333333,70.91666666666667
2022-10-28,33.300000000000004,21.3625,325.9583333333333,12.545833333333334,8.5875,83.16666666666667,0.27625,0.0,1.65625,76.16666666666667,56.041666666666664
2022-10-29,26.47083333333333,17.3,332.7083333333333,15.270833333333334,5.2875000000000005,82.75,0.3016666666666667,0.0,1.7583333333333335,64.16666666666667,41.75
2022-10-30,36.329166666666666,24.070833333333336,396.0833333333333,19.654166666666665,5.845833333333334,88.33333333333333,0.45458333333333334,0.0,1.6229166666666668,67.33333333333333,44.958333333333336
2022-10-31,55.625,37.59166666666667,464.5,22.566666666666666,12.125,88.20833333333333,0.37916666666666665,1.0,1.5687499999999999,94.91666666666667,66.25
2022-11-01,26.666666666666668,18.587500000000002,368.625,22.96666666666667,5.9624999999999995,51.208333333333336,0.1275,0.16666666666666666,0.6479166666666667,85.375,60.0
2022-11-02,21.370833333333334,14.733333333333334,390.5833333333333,19.075,5.7875000000000005,50.166666666666664,0.16874999999999998,0.0,1.2854166666666667,58.625,32.375
2022-11-03,23.78333333333333,16.325,387.7083333333333,18.275000000000002,6.1000000000000005,55.833333333333336,0.20375,0.0,0.7979166666666666,57.875,31.333333333333332
2022-11-04,19.179166666666667,12.891666666666666,316.625,13.950000000000001,3.6875,56.875,0.16166666666666665,0.0,1.8125,55.541666666666664,30.0
2022-11-05,21.366666666666664,14.020833333333334,328.9583333333333,13.991666666666667,5.3125,59.791666666666664,0.17458333333333334,0.0,1.8604166666666666,52.708333333333336,28.708333333333332
2022-11-06,35.19166666666667,22.695833333333336,382.5,15.270833333333334,4.708333333333333,77.5,0.38958333333333334,0.7083333333333334,1.4291666666666665,60.291666666666664,38.791666666666664
2022-11-07,45.9375,30.354166666666668,465.875,25.825000000000003,6.7,74.79166666666667,0.24875,2.8333333333333335,1.9854166666666666,83.29166666666667,61.166666666666664
2022-11-08,44.675000000000004,29.587500000000002,452.0416666666667,23.670833333333334,5.7250000000000005,66.0,0.2708333333333333,2.125,1.8604166666666666,89.25,64.45833333333333
2022-11-09,51.62916666666666,34.80833333333333,453.3333333333333,24.733333333333334,6.116666666666667,75.5,0.35833333333333334,2.5416666666666665,1.9395833333333332,91.79166666666667,65.375
2022-11-10,36.420833333333334,24.258333333333336,372.6666666666667,14.395833333333334,5.554166666666667,83.54166666666667,0.3133333333333333,0.5416666666666666,1.6791666666666665,92.29166666666667,65.5
2022-11-11,49.65416666666667,33.079166666666666,417.0,15.495833333333332,7.354166666666667,95.08333333333333,0.53625,0.3333333333333333,0.4145833333333333,78.45833333333333,55.75
2022-11-12,20.8125,14.333333333333334,330.0,12.966666666666667,5.029166666666667,78.54166666666667,0.20625000000000002,0.0,0.61875,78.83333333333333,53.583333333333336
2022-11-13,11.733333333333334,8.174999999999999,300.9583333333333,14.866666666666667,3.1625,42.375,0.09416666666666668,0.0,0.94375,42.958333333333336,21.75
2022-11-14,18.579166666666666,12.525,344.8333333333333,16.520833333333332,3.4333333333333336,51.583333333333336,0.16625,0.0,1.5583333333333333,42.25,23.291666666666668
2022-11-15,36.137499999999996,24.1875,515.6666666666666,26.004166666666666,4.770833333333333,63.041666666666664,0.31,0.125,1.4833333333333334,62.666666666666664,39.166666666666664
2022-11-16,55.76666666666667,38.25416666666667,534.7916666666666,28.795833333333334,6.558333333333334,74.95833333333333,0.49041666666666667,1.6666666666666667,1.6270833333333332,89.95833333333333,64.41666666666667
2022-11-17,66.87916666666666,46.23333333333333,617.2083333333334,37.50416666666667,11.825000000000001,75.20833333333333,0.3416666666666666,2.0,1.65625,120.29166666666667,74.83333333333333
2022-11-18,60.77916666666667,42.00833333333333,677.4583333333334,40.24166666666667,10.470833333333333,70.41666666666667,0.22708333333333333,2.0,1.79375,120.5,74.95833333333333
2022-11-19,55.6,38.6375,453.6666666666667,20.533333333333335,16.1375,98.79166666666667,0.26416666666666666,1.375,1.804166666666667,110.29166666666667,71.625
2022-11-20,62.40416666666667,42.987500000000004,450.5416666666667,19.383333333333333,16.845833333333335,99.45833333333333,0.32708333333333334,1.2083333333333333,1.7395833333333333,113.5,72.29166666666667
2022-11-21,59.25,41.19166666666667,419.375,17.4375,17.054166666666667,90.0,0.3154166666666667,2.125,1.2625,124.75,76.33333333333333
2022-11-22,32.7125,22.541666666666668,422.4166666666667,23.0125,7.429166666666667,53.791666666666664,0.29083333333333333,0.0,1.1,85.5,59.208333333333336
2022-11-23,44.22083333333333,30.65833333333333,608.1666666666666,33.333333333333336,6.566666666666666,35.75,0.26791666666666664,0.0,0.64375,88.08333333333333,63.291666666666664
2022-11-24,35.975,24.925,476.5416666666667,23.15833333333333,6.141666666666667,67.79166666666667,0.5325,0.0,1.0354166666666667,81.0,60.916666666666664
2022-11-25,27.191666666666666,18.525000000000002,358.5416666666667,16.854166666666668,3.875,64.58333333333333,0.30583333333333335,0.0,1.5062499999999999,68.83333333333333,44.375
2022-11-26,31.02916666666667,20.829166666666666,375.5,20.9375,8.054166666666667,50.625,0.295,0.0,1.6375,66.75,40.0
2022-11-27,41.84166666666667,28.4875,419.25,19.954166666666666,5.541666666666667,69.79166666666667,0.5375,0.0,1.3333333333333333,75.45833333333333,53.875
2022-11-28,59.99166666666667,41.35,521.875,25.879166666666666,5.925,81.83333333333333,0.9258333333333333,0.25,1.2208333333333334,96.08333333333333,66.83333333333333
2022-11-29,75.8625,51.87916666666666,503.375,21.920833333333334,8.4125,96.04166666666667,1.0354166666666667,0.75,1.1020833333333333,133.375,79.04166666666667
2022-11-30,54.5,36.275,464.5833333333333,24.45,8.454166666666667,88.16666666666667,0.40458333333333335,0.25,1.6833333333333333,122.41666666666667,75.58333333333333
2022-12-01,45.75,29.991666666666664,479.1666666666667,23.78333333333333,5.529166666666666,66.33333333333333,0.3725,0.0,1.0729166666666667,97.83333333333333,67.45833333333333
2022-12-02,28.291666666666668,18.729166666666668,400.7916666666667,19.695833333333333,5.6499999999999995,57.291666666666664,0.25708333333333333,0.0,1.425,75.33333333333333,52.083333333333336
2022-12-03,17.416666666666668,11.8375,295.75,15.683333333333332,3.733333333333333,46.916666666666664,0.11583333333333334,0.0,1.8,55.25,29.166666666666668
2022-12-04,29.887500000000003,19.041666666666668,379.875,14.666666666666666,4.091666666666667,73.70833333333333,0.24833333333333332,0.0,1.7166666666666668,56.0,34.041666666666664
2022-12-05,51.762499999999996,34.645833333333336,490.6666666666667,19.991666666666667,6.691666666666666,88.70833333333333,0.4379166666666667,0.0,1.2354166666666666,80.33333333333333,56.041666666666664
2022-12-06,58.137499999999996,38.87916666666667,503.625,20.8875,5.8875,78.875,0.55375,0.0,1.3354166666666665,103.41666666666667,69.5
2022-12-07,69.6875,47.97083333333333,552.7916666666666,29.15416666666667,11.200000000000001,81.04166666666667,0.31583333333333335,0.0,1.3187499999999999,123.20833333333333,75.83333333333333
2022-12-08,58.574999999999996,40.57083333333333,400.8333333333333,18.795833333333334,12.5625,89.58333333333333,0.25875,1.0833333333333333,1.4395833333333332,121.0,75.08333333333333
2022-12-09,42.800000000000004,29.537499999999998,353.0833333333333,13.658333333333333,12.4125,94.79166666666667,0.2554166666666667,0.5416666666666666,0.6208333333333333,102.04166666666667,69.0
2022-12-10,19.858333333333334,13.887500000000001,380.875,15.833333333333334,7.270833333333333,68.625,0.14041666666666666,0.0,0.1625,67.58333333333333,43.291666666666664
2022-12-11,23.241666666666664,16.1875,478.9583333333333,22.40833333333333,8.454166666666667,56.25,0.24541666666666664,0.0,0.44583333333333336,53.666666666666664,27.958333333333332
2022-12-12,20.125,13.954166666666666,372.4583333333333,15.245833333333332,4.970833333333333,75.79166666666667,0.35041666666666665,0.0,0.63125,59.541666666666664,33.708333333333336
2022-12-13,12.1875,8.516666666666667,274.0833333333333,10.3375,5.1000000000000005,52.125,0.1729166666666667,0.0,1.1729166666666666,50.875,25.958333333333332
2022-12-14,1.1125,0.7708333333333334,59.041666666666664,0.0,0.7333333333333334,27.0,0.03875,0.0,2.1625,19.041666666666668,11.708333333333334
2022-12-15,0.9916666666666667,0.7000000000000001,62.291666666666664,0.0,0.28750000000000003,33.416666666666664,0.04,0.0,2.2020833333333334,14.916666666666666,13.416666666666666
2022-12-16,23.962500000000002,16.275000000000002,284.8333333333333,15.045833333333334,9.391666666666667,52.541666666666664,0.08541666666666665,0.0,2.470833333333333,29.833333333333332,22.958333333333332
2022-12-17,46.44166666666666,31.2,429.5416666666667,21.195833333333333,12.508333333333333,77.125,0.3941666666666667,0.0,1.7520833333333332,78.08333333333333,55.625
2022-12-18,62.95416666666667,42.6875,443.25,18.370833333333334,8.658333333333333,83.33333333333333,0.8158333333333333,0.0,1.1479166666666667,104.375,69.66666666666667
2022-12-19,45.44583333333333,29.65833333333333,389.3333333333333,17.670833333333334,6.941666666666666,86.04166666666667,0.44708333333333333,0.0,1.83125,100.04166666666667,68.16666666666667
2022-12-20,41.604166666666664,27.40833333333333,422.125,19.829166666666666,5.629166666666666,64.25,0.26666666666666666,0.125,1.7958333333333334,89.5,64.375
2022-12-21,36.00416666666667,23.983333333333334,399.375,22.47083333333333,6.291666666666667,65.125,0.11583333333333334,0.0,1.9666666666666668,80.20833333333333,60.833333333333336
2022-12-22,47.72083333333333,31.3875,424.2916666666667,18.6125,10.420833333333333,77.125,0.26208333333333333,0.0,1.7729166666666665,75.58333333333333,55.166666666666664
2022-12-23,61.50416666666666,40.49583333333333,450.4166666666667,13.5375,15.5375,100.91666666666667,0.25125000000000003,0.0,1.8270833333333334,110.5,71.66666666666667
2022-12-24,62.30416666666667,40.82083333333333,436.7916666666667,13.4,17.2625,96.33333333333333,0.22166666666666668,0.5,1.8937499999999998,107.125,70.625
2022-12-25,31.270833333333332,21.179166666666667,371.5416666666667,11.545833333333334,7.529166666666666,66.66666666666667,0.18833333333333335,0.0,1.1104166666666666,101.0,68.08333333333333
2022-12-26,11.091666666666667,7.670833333333333,287.4583333333333,11.695833333333333,5.645833333333333,52.208333333333336,0.09666666666666668,0.0,1.3020833333333333,41.083333333333336,24.875
2022-12-27,16.9375,11.558333333333332,319.2916666666667,16.929166666666667,5.266666666666667,46.666666666666664,0.14125000000000001,0.0,1.4000000000000001,37.916666666666664,22.625
2022-12-28,22.412499999999998,15.15,361.125,19.295833333333334,4.479166666666667,47.833333333333336,0.14458333333333334,0.0,1.1791666666666667,54.041666666666664,28.125
2022-12-29,34.50833333333333,23.575,493.5833333333333,28.9875,6.1875,54.25,0.1366666666666667,0.0,1.875,68.20833333333333,44.458333333333336
2022-12-30,32.4125,22.204166666666666,488.875,30.8625,6.404166666666666,59.416666666666664,0.1225,0.0,1.8687500000000001,73.04166666666667,52.083333333333336
2022-12-31,48.07916666666667,33.2375,740.6666666666666,41.329166666666666,9.129166666666666,59.708333333333336,0.18291666666666664,0.5833333333333334,1.8541666666666667,76.16666666666667,55.375
2023-01-01,51.675000000000004,35.74583333333333,541.7083333333334,34.90833333333333,7.754166666666666,73.125,0.31708333333333333,0.6666666666666666,1.66875,105.16666666666667,69.95833333333333
2023-01-02,43.300000000000004,29.554166666666664,423.875,23.729166666666668,12.337499999999999,84.70833333333333,0.27,0.5416666666666666,1.741666666666667,93.75,66.125
2023-01-03,42.96666666666667,28.354166666666668,415.4583333333333,23.787499999999998,6.745833333333334,75.83333333333333,0.29541666666666666,0.4166666666666667,1.710416666666667,86.20833333333333,63.291666666666664
2023-01-04,42.86666666666667,27.8625,364.4583333333333,16.591666666666665,6.633333333333333,84.0,0.3329166666666667,0.75,1.5666666666666667,83.625,62.083333333333336
2023-01-05,41.96666666666667,26.745833333333334,365.2083333333333,14.454166666666666,6.683333333333334,91.08333333333333,0.3658333333333333,0.2916666666666667,1.09375,81.66666666666667,61.416666666666664
2023-01-06,48.85833333333333,32.18333333333333,409.3333333333333,14.779166666666667,4.391666666666667,85.875,0.29833333333333334,0.25,1.4791666666666667,87.16666666666667,63.375
2023-01-07,49.09583333333333,32.8375,454.1666666666667,20.57916666666667,4.0,75.95833333333333,0.43416666666666665,0.5,1.2541666666666667,94.33333333333333,66.125
2023-01-08,76.60000000000001,52.46666666666667,597.5,25.895833333333332,6.583333333333333,87.20833333333333,0.6979166666666666,0.5,1.4749999999999999,111.875,72.16666666666667
2023-01-09,56.479166666666664,38.37083333333333,576.875,28.354166666666668,8.9625,80.83333333333333,0.3154166666666667,0.0,2.00625,133.875,79.25
2023-01-10,47.05416666666667,30.858333333333334,413.125,18.566666666666666,9.4375,83.29166666666667,0.15791666666666668,0.2916666666666667,1.9625000000000001,97.41666666666667,67.375
2023-01-11,46.275,31.0125,403.9583333333333,19.083333333333332,12.416666666666666,77.66666666666667,0.12458333333333334,0.9583333333333334,2.0166666666666666,91.25,65.04166666666667
2023-01-12,45.25416666666666,30.558333333333334,417.7916666666667,19.545833333333334,14.125,87.70833333333333,0.11458333333333333,0.2916666666666667,2.03125,89.25,64.375
2023-01-13,49.512499999999996,33.42916666666667,419.5833333333333,17.779166666666665,15.179166666666667,97.0,0.1425,0.0,1.8208333333333335,91.25,64.79166666666667
2023-01-14,48.84583333333333,33.166666666666664,407.2916666666667,18.133333333333333,14.854166666666666,93.33333333333333,0.16125,0.5,1.9666666666666668,95.0,66.45833333333333
2023-01-15,45.770833333333336,31.420833333333334,365.8333333333333,16.183333333333334,14.9,82.58333333333333,0.11041666666666666,0.25,2.0166666666666666,94.33333333333333,66.20833333333333
2023-01-16,43.63333333333333,29.9875,332.125,13.341666666666667,14.549999999999999,89.125,0.13999999999999999,0.0,2.0520833333333335,91.25,65.0
2023-01-17,37.520833333333336,25.400000000000002,300.0,11.554166666666667,13.891666666666666,85.16666666666667,0.11791666666666667,0.25,2.0416666666666665,83.70833333333333,62.25
2023-01-18,36.32083333333333,24.170833333333334,332.4166666666667,17.979166666666668,8.879166666666666,83.125,0.1675,0.0,2.0520833333333335,74.75,55.333333333333336
2023-01-19,44.69583333333333,29.345833333333335,391.9583333333333,21.52916666666667,10.325000000000001,85.0,0.1875,0.125,2.1333333333333333,82.25,61.416666666666664
2023-01-20,51.71666666666667,33.395833333333336,354.1666666666667,16.033333333333335,8.700000000000001,86.625,0.37916666666666665,1.3333333333333333,1.8666666666666665,87.70833333333333,63.708333333333336
2023-01-21,44.987500000000004,29.849999999999998,364.7083333333333,15.279166666666667,6.1000000000000005,84.875,0.42291666666666666,0.25,1.5374999999999999,98.54166666666667,67.75
2023-01-22,34.699999999999996,23.179166666666664,319.4166666666667,12.708333333333334,4.575,89.66666666666667,0.32208333333333333,0.0,2.0708333333333333,77.04166666666667,56.708333333333336
2023-01-23,47.53333333333333,30.90833333333333,393.2083333333333,13.525,7.579166666666667,81.75,0.38625,0.0,1.5125,83.16666666666667,61.291666666666664
2023-01-24,31.2625,20.579166666666666,293.3333333333333,13.395833333333334,6.995833333333334,76.41666666666667,0.30375,0.0,1.9749999999999999,78.95833333333333,56.666666666666664
2023-01-25,33.291666666666664,21.491666666666664,309.8333333333333,14.908333333333333,8.633333333333333,86.16666666666667,0.19625,0.0,2.1999999999999997,68.70833333333333,45.625
2023-01-26,45.5375,29.704166666666666,378.2083333333333,19.2,9.004166666666666,86.58333333333333,0.2316666666666667,0.0,2.247916666666667,78.41666666666667,57.541666666666664
2023-01-27,50.416666666666664,33.0375,342.5416666666667,13.058333333333332,9.904166666666667,89.20833333333333,0.22583333333333333,0.0,2.2645833333333334,95.29166666666667,66.66666666666667
2023-01-28,40.00833333333333,27.183333333333334,291.4583333333333,10.904166666666667,8.945833333333333,85.25,0.1775,0.125,2.2708333333333335,83.04166666666667,61.875
2023-01-29,42.25416666666667,27.3875,314.0833333333333,8.595833333333333,7.5,95.29166666666667,0.19458333333333333,0.0,2.275,86.16666666666667,63.291666666666664
2023-01-30,42.291666666666664,27.650000000000002,379.5,9.808333333333334,9.4375,82.95833333333333,0.3879166666666667,0.0,1.4708333333333332,82.41666666666667,61.833333333333336
2023-01-31,35.34583333333333,23.662499999999998,342.7916666666667,7.320833333333333,5.041666666666667,87.83333333333333,0.30333333333333334,0.0,1.9625000000000001,76.66666666666667,56.875
2023-02-01,44.949999999999996,29.662499999999998,352.5833333333333,10.637500000000001,8.237499999999999,105.375,0.4041666666666666,0.0,1.8666666666666665,84.125,60.291666666666664
2023-02-02,37.87083333333333,24.695833333333336,335.5833333333333,11.079166666666666,8.9125,112.41666666666667,0.3095833333333333,0.25,2.1041666666666665,86.66666666666667,62.333333333333336
2023-02-03,37.4375,23.679166666666664,338.5416666666667,13.204166666666666,4.866666666666666,85.0,0.31083333333333335,0.0,1.3333333333333333,76.66666666666667,58.083333333333336
2023-02-04,39.6375,26.1125,346.125,17.020833333333332,5.283333333333333,82.58333333333333,0.2141666666666667,0.25,2.3874999999999997,75.41666666666667,55.625
2023-02-05,46.237500000000004,30.604166666666668,400.625,19.845833333333335,10.429166666666667,100.04166666666667,0.19416666666666668,0.0,2.3125,90.54166666666667,64.625
2023-02-06,52.487500000000004,35.30416666666667,622.4583333333334,30.370833333333334,14.85,86.04166666666667,0.19874999999999998,0.0,2.2520833333333337,89.75,64.41666666666667
2023-02-07,59.42916666666667,40.2125,631.2083333333334,32.61666666666667,11.570833333333333,95.125,0.3575,0.0,2.11875,104.58333333333333,68.20833333333333
2023-02-08,58.52916666666667,39.7875,455.0416666666667,23.25,10.450000000000001,106.54166666666667,0.48458333333333337,0.125,2.0541666666666667,119.33333333333333,74.0
2023-02-09,51.083333333333336,34.625,396.7916666666667,16.995833333333334,11.795833333333334,106.58333333333333,0.3166666666666667,0.0,2.3458333333333337,108.0,70.70833333333333
2023-02-10,41.625,28.462500000000002,345.9583333333333,14.516666666666666,8.620833333333334,101.70833333333333,0.21708333333333332,0.0,2.4270833333333335,92.08333333333333,65.125
2023-02-11,45.87083333333334,31.629166666666666,341.5,12.4,14.733333333333334,104.58333333333333,0.18083333333333332,0.0,2.4458333333333333,88.25,63.916666666666664
2023-02-12,42.82083333333333,29.545833333333334,305.9166666666667,9.75,11.545833333333334,103.83333333333333,0.15041666666666667,0.25,2.4770833333333333,92.58333333333333,65.66666666666667
2023-02-13,39.4125,27.266666666666666,291.2083333333333,7.829166666666667,13.762500000000001,123.70833333333333,0.16375,0.0,2.4270833333333335,97.625,63.375
2023-02-14,40.85,28.116666666666664,299.0,9.533333333333333,13.450000000000001,114.20833333333333,0.15875,0.375,2.525,91.29166666666667,62.875
2023-02-15,40.00833333333333,27.670833333333334,300.7916666666667,8.9,11.570833333333333,116.83333333333333,0.16958333333333334,0.0,2.433333333333333,93.0,62.791666666666664
2023-02-16,42.833333333333336,29.183333333333334,308.2916666666667,7.545833333333333,14.254166666666668,122.29166666666667,0.1729166666666667,1.25,2.372916666666667,89.375,62.916666666666664
2023-02-17,40.93333333333333,27.53333333333333,295.625,8.529166666666667,10.275,106.875,0.16291666666666668,0.8333333333333334,2.55625,84.79166666666667,62.583333333333336
2023-02-18,43.854166666666664,29.40416666666667,295.9583333333333,9.458333333333334,9.375,102.25,0.24708333333333332,0.9583333333333334,2.31875,87.04166666666667,62.75
2023-02-19,29.616666666666664,19.958333333333332,247.91666666666666,8.545833333333333,9.733333333333333,84.79166666666667,0.21250000000000002,0.16666666666666666,2.46875,75.20833333333333,54.25
2023-02-20,34.016666666666666,23.191666666666666,302.0416666666667,13.2125,9.554166666666667,96.79166666666667,0.18458333333333332,0.16666666666666666,2.4770833333333333,77.79166666666667,49.541666666666664
2023-02-21,41.85,28.745833333333334,316.2916666666667,9.541666666666666,11.741666666666667,109.45833333333333,0.22,0.125,2.5500000000000003,87.41666666666667,60.458333333333336
2023-02-22,47.050000000000004,32.354166666666664,316.75,7.520833333333333,11.633333333333333,121.70833333333333,0.25916666666666666,0.0,2.5124999999999997,97.95833333333333,65.54166666666667
2023-02-23,42.454166666666666,29.150000000000002,303.7916666666667,7.816666666666666,10.0625,111.45833333333333,0.15291666666666667,0.4166666666666667,2.6166666666666667,94.08333333333333,66.16666666666667
2023-02-24,33.454166666666666,22.75,275.875,9.5375,9.208333333333334,95.0,0.10291666666666667,0.25,2.81875,79.41666666666667,59.0
2023-02-25,32.27916666666666,22.150000000000002,253.08333333333334,7.616666666666667,9.779166666666667,106.83333333333333,0.15041666666666667,0.0,2.6916666666666664,77.41666666666667,52.291666666666664
2023-02-26,36.21666666666667,24.9875,268.9166666666667,6.179166666666667,12.616666666666667,129.75,0.19125,0.0,2.6750000000000003,90.95833333333333,58.916666666666664
2023-02-27,33.12083333333333,22.633333333333336,297.9166666666667,8.104166666666666,10.716666666666667,105.08333333333333,0.13166666666666668,0.0,2.7145833333333336,82.54166666666667,59.0
2023-02-28,40.4375,27.537499999999998,367.125,6.25,10.470833333333333,115.16666666666667,0.29416666666666663,0.0,2.3375,77.375,55.208333333333336
2023-03-01,41.079166666666666,27.400000000000002,351.5,5.620833333333334,8.158333333333333,107.83333333333333,0.30291666666666667,0.0,2.3895833333333334,85.54166666666667,63.083333333333336
2023-03-02,31.429166666666664,21.120833333333334,275.125,6.029166666666666,9.4375,109.91666666666667,0.16625,0.0,2.7937499999999997,80.58333333333333,58.708333333333336
2023-03-03,38.612500000000004,26.3,288.7083333333333,6.95,12.304166666666667,121.75,0.21833333333333335,0.25,2.6583333333333337,88.25,57.25
2023-03-04,34.40833333333333,23.441666666666666,261.4166666666667,6.3125,8.295833333333333,103.5,0.18583333333333332,0.16666666666666666,2.9770833333333333,77.75,57.166666666666664
2023-03-05,41.987500000000004,28.429166666666664,296.5833333333333,8.616666666666667,11.970833333333333,103.25,0.22583333333333333,0.75,2.9375,81.875,60.916666666666664
2023-03-06,29.304166666666664,19.849999999999998,253.70833333333334,8.008333333333333,10.391666666666667,104.66666666666667,0.14166666666666666,0.5833333333333334,2.9458333333333333,76.83333333333333,55.916666666666664
2023-03-07,32.5875,22.09166666666667,266.5,9.237499999999999,10.929166666666667,94.45833333333333,0.17958333333333332,0.0,2.3291666666666666,68.54166666666667,43.541666666666664
2023-03-08,32.166666666666664,21.320833333333333,272.5833333333333,7.229166666666667,11.170833333333334,96.375,0.21333333333333335,0.2916666666666667,2.908333333333333,69.66666666666667,45.791666666666664
2023-03-09,45.083333333333336,30.708333333333332,348.1666666666667,8.125,12.4,96.16666666666667,0.31666666666666665,0.6666666666666666,2.5124999999999997,77.75,55.25
2023-03-10,47.46666666666667,32.25833333333333,337.6666666666667,8.295833333333333,12.379166666666668,103.375,0.3129166666666667,0.25,2.3916666666666666,93.29166666666667,65.58333333333333
2023-03-11,51.26666666666667,34.5625,347.4583333333333,14.291666666666666,12.200000000000001,89.5,0.3233333333333333,0.375,2.7375000000000003,99.16666666666667,68.0
2023-03-12,38.25,25.5125,340.7083333333333,13.6875,7.8125,76.75,0.18083333333333332,0.0,2.9583333333333335,88.83333333333333,64.20833333333333
2023-03-13,51.458333333333336,34.90416666666667,406.25,9.65,8.362499999999999,93.125,0.3529166666666667,0.0,2.733333333333333,86.16666666666667,63.208333333333336
2023-03-14,53.51666666666667,36.329166666666666,457.0416666666667,8.866666666666667,11.616666666666667,113.33333333333333,0.5154166666666666,0.0,2.3125,102.41666666666667,68.75
2023-03-15,52.833333333333336,35.71666666666667,413.9583333333333,7.958333333333333,9.833333333333334,118.54166666666667,0.5679166666666667,0.0,2.24375,98.83333333333333,67.20833333333333
2023-03-16,70.7375,47.541666666666664,462.0,9.9125,17.5125,111.54166666666667,0.9479166666666666,0.0,1.7458333333333333,118.83333333333333,74.41666666666667
2023-03-17,50.73333333333333,34.05833333333333,422.5833333333333,19.1375,8.933333333333334,81.66666666666667,0.7383333333333333,0.3333333333333333,1.23125,116.41666666666667,73.625
2023-03-18,35.22083333333333,23.45,344.25,15.070833333333333,6.5625,81.33333333333333,0.4675,0.5833333333333334,2.4229166666666666,80.70833333333333,59.208333333333336
2023-03-19,41.09583333333333,27.691666666666666,443.5416666666667,22.6875,5.6125,77.20833333333333,0.49625,1.2083333333333333,2.122916666666667,82.375,61.208333333333336
2023-03-20,35.8375,23.90416666666667,458.5,25.150000000000002,5.329166666666667,64.5,0.2783333333333333,1.9166666666666667,2.733333333333333,80.08333333333333,60.291666666666664
2023-03-21,34.479166666666664,23.008333333333336,529.5833333333334,30.27916666666667,6.3999999999999995,68.54166666666667,0.13125,2.8333333333333335,3.047916666666667,71.08333333333333,50.791666666666664
2023-03-22,51.87083333333334,35.42916666666667,792.0,41.387499999999996,10.183333333333334,81.125,0.26166666666666666,2.0416666666666665,2.779166666666667,94.08333333333333,63.375
2023-03-23,47.57916666666667,32.295833333333334,660.9166666666666,36.762499999999996,8.491666666666667,79.54166666666667,0.30041666666666667,2.6666666666666665,2.625,104.25,68.79166666666667
2023-03-24,36.61666666666667,24.15833333333333,397.375,20.158333333333335,8.054166666666667,100.08333333333333,0.31958333333333333,3.7916666666666665,2.5166666666666666,89.45833333333333,62.666666666666664
2023-03-25,46.666666666666664,31.395833333333332,447.3333333333333,25.620833333333334,8.075000000000001,90.0,0.60125,2.25,1.46875,81.54166666666667,61.125
2023-03-26,57.0,38.5875,421.25,21.266666666666666,8.704166666666667,105.875,0.58625,3.4166666666666665,1.7604166666666667,108.70833333333333,69.16666666666667
2023-03-27,52.78333333333333,36.041666666666664,686.625,30.47083333333333,9.5875,98.91666666666667,0.39958333333333335,2.375,2.33125,109.45833333333333,68.625
2023-03-28,58.637499999999996,40.454166666666666,716.25,42.69166666666666,13.954166666666666,97.66666666666667,0.44333333333333336,0.4166666666666667,2.0875,125.70833333333333,73.58333333333333
2023-03-29,51.43333333333334,35.291666666666664,480.7916666666667,28.724999999999998,19.029166666666665,91.25,0.6608333333333333,0.20833333333333334,1.7437500000000001,101.29166666666667,67.66666666666667
2023-03-30,68.39583333333333,46.958333333333336,667.7083333333334,40.46666666666667,11.208333333333334,89.41666666666667,0.8283333333333333,0.9583333333333334,1.4437499999999999,119.375,73.75
2023-03-31,60.987500000000004,41.63333333333333,623.875,30.570833333333336,9.85,100.20833333333333,0.6604166666666667,1.5,2.3333333333333335,119.70833333333333,73.95833333333333
2023-04-01,50.979166666666664,35.041666666666664,679.7916666666666,41.99583333333333,12.004166666666668,76.5,0.57125,0.3333333333333333,1.2729166666666667,115.375,73.25
2023-04-02,39.55416666666667,27.058333333333334,486.7916666666667,30.6875,6.9375,89.95833333333333,0.3425,1.3333333333333333,2.5500000000000003,95.04166666666667,64.33333333333333
2023-04-03,34.729166666666664,23.741666666666664,364.3333333333333,17.425,8.0,103.16666666666667,0.3383333333333334,0.5,2.5541666666666667,84.75,60.958333333333336
2023-04-04,51.49166666666667,35.15416666666667,395.875,20.254166666666666,10.6875,102.16666666666667,0.6083333333333333,0.5,1.7520833333333332,90.91666666666667,63.5
2023-04-05,51.67083333333333,35.25833333333333,402.5,18.9875,11.137500000000001,106.25,0.5545833333333333,0.75,1.9604166666666665,107.875,69.375
2023-04-06,48.416666666666664,33.18333333333333,444.0833333333333,25.258333333333336,10.3875,97.54166666666667,0.59375,0.6666666666666666,2.0083333333333333,101.66666666666667,66.33333333333333
2023-04-07,38.074999999999996,25.84166666666667,328.0416666666667,17.358333333333334,15.654166666666667,88.0,0.3429166666666667,1.0416666666666667,2.472916666666667,89.79166666666667,64.29166666666667
2023-04-08,33.050000000000004,21.916666666666668,304.75,15.862499999999999,7.041666666666667,85.45833333333333,0.24541666666666664,2.4583333333333335,2.8937500000000003,76.83333333333333,57.791666666666664
2023-04-09,29.254166666666666,19.4875,289.5,14.262500000000001,5.825,85.0,0.16625,1.4583333333333333,3.0749999999999997,69.625,46.75
2023-04-10,23.629166666666666,15.754166666666668,252.54166666666666,12.766666666666667,4.070833333333334,65.70833333333333,0.1425,0.125,3.079166666666667,61.833333333333336,35.625
2023-04-11,26.3,17.666666666666668,263.1666666666667,11.4,6.016666666666667,82.41666666666667,0.15916666666666668,0.25,3.0354166666666664,61.458333333333336,40.958333333333336
2023-04-12,25.787499999999998,17.641666666666666,236.16666666666666,8.729166666666666,6.7875000000000005,94.91666666666667,0.18458333333333332,0.375,2.904166666666667,70.08333333333333,44.833333333333336
2023-04-13,30.962500000000002,21.333333333333332,261.1666666666667,9.700000000000001,9.104166666666666,104.79166666666667,0.23791666666666667,0.5416666666666666,2.922916666666667,75.45833333333333,48.25
2023-04-14,37.69583333333333,25.95,285.0416666666667,10.674999999999999,19.545833333333334,109.41666666666667,0.36083333333333334,0.9166666666666666,2.535416666666667,85.54166666666667,56.541666666666664
2023-04-15,42.96666666666667,29.675,325.0416666666667,11.966666666666667,14.358333333333334,113.58333333333333,0.45541666666666664,1.0833333333333333,2.3145833333333337,94.29166666666667,62.458333333333336
2023-04-16,41.045833333333334,28.183333333333334,289.375,10.166666666666666,12.0375,109.08333333333333,0.27125,1.6666666666666667,2.766666666666667,93.33333333333333,64.75
2023-04-17,42.05416666666667,29.025000000000002,309.4166666666667,9.629166666666666,14.220833333333333,117.25,0.31333333333333335,0.6666666666666666,2.61875,97.45833333333333,63.916666666666664
2023-04-18,37.02916666666667,25.474999999999998,302.9583333333333,8.991666666666667,14.975,114.75,0.215,0.0,2.845833333333333,92.54166666666667,62.583333333333336
2023-04-19,49.10833333333333,33.81666666666667,366.6666666666667,10.529166666666667,16.241666666666667,109.95833333333333,0.3075,0.0,2.7270833333333333,90.95833333333333,63.083333333333336
2023-04-20,58.00416666666666,40.016666666666666,439.0833333333333,13.795833333333334,13.829166666666666,119.29166666666667,0.4779166666666667,0.125,2.225,114.95833333333333,69.33333333333333
2023-04-21,56.9625,38.97083333333333,677.6666666666666,34.24583333333333,11.366666666666667,91.95833333333333,0.5670833333333333,0.20833333333333334,2.183333333333333,110.58333333333333,71.875
2023-04-22,64.53750000000001,44.4125,812.5,43.02916666666667,8.304166666666667,95.95833333333333,0.7820833333333334,0.125,1.8666666666666665,119.0,71.875
2023-04-23,56.9625,39.025,517.125,20.354166666666668,8.341666666666667,110.29166666666667,0.695,0.2916666666666667,1.4875,130.25,77.29166666666667
2023-04-24,45.99166666666667,31.5,345.875,7.491666666666667,9.708333333333334,108.91666666666667,0.5129166666666667,0.0,2.3041666666666667,101.5,67.95833333333333
2023-04-25,40.18333333333333,27.1125,271.5833333333333,9.579166666666667,16.099999999999998,82.375,0.5754166666666667,0.0,2.1666666666666665,83.29166666666667,62.041666666666664
2023-04-26,41.858333333333334,28.195833333333336,330.25,17.220833333333335,12.820833333333333,76.08333333333333,0.5912499999999999,0.0,1.9041666666666668,84.58333333333333,62.666666666666664
2023-04-27,38.699999999999996,25.425,292.7083333333333,11.516666666666666,12.395833333333334,85.54166666666667,0.46,0.25,2.5749999999999997,80.125,60.791666666666664
2023-04-28,38.78333333333333,25.295833333333334,308.3333333333333,15.145833333333334,17.775000000000002,74.95833333333333,0.3854166666666667,0.0,2.3645833333333335,81.875,61.583333333333336
2023-04-29,33.00833333333333,22.25,325.2916666666667,15.616666666666667,11.029166666666667,71.58333333333333,0.5166666666666667,0.0,1.73125,72.0,49.375
2023-04-30,35.854166666666664,24.554166666666664,347.9166666666667,17.279166666666665,10.424999999999999,69.83333333333333,0.47833333333333333,0.0,1.6500000000000001,77.375,58.0
2023-05-01,26.041666666666668,18.079166666666666,324.8333333333333,17.087500000000002,4.983333333333333,71.16666666666667,0.315,0.0,2.1333333333333333,66.66666666666667,43.625
2023-05-02,24.995833333333334,17.329166666666666,344.4166666666667,20.883333333333333,6.020833333333333,63.833333333333336,0.3408333333333333,0.20833333333333334,1.7833333333333332,61.583333333333336,38.083333333333336
2023-05-03,32.84583333333333,22.329166666666666,460.4166666666667,29.683333333333334,5.416666666666667,67.41666666666667,0.38083333333333336,2.0833333333333335,1.8958333333333333,68.20833333333333,45.75
2023-05-04,37.449999999999996,25.099999999999998,460.125,28.379166666666666,8.6875,78.33333333333333,0.41250000000000003,3.625,1.95,77.08333333333333,55.0
2023-05-05,34.85,23.041666666666668,372.5,24.40416666666667,5.991666666666667,65.54166666666667,0.4658333333333333,4.916666666666667,1.5687499999999999,75.875,56.041666666666664
2023-05-06,43.42916666666667,29.287499999999998,446.0416666666667,30.120833333333334,5.3500000000000005,67.95833333333333,0.5641666666666666,3.7916666666666665,1.6916666666666667,82.54166666666667,61.125
2023-05-07,27.6875,18.825,329.9583333333333,22.412499999999998,3.4875000000000003,61.125,0.45083333333333336,1.8333333333333333,1.6624999999999999,72.45833333333333,49.708333333333336
2023-05-08,35.012499999999996,24.087500000000002,383.7916666666667,24.90833333333333,4.254166666666666,65.125,0.36874999999999997,0.875,2.0625,72.0,50.291666666666664
2023-05-09,29.754166666666666,20.625,413.2916666666667,24.425,4.3125,60.625,0.35083333333333333,0.0,2.3562499999999997,73.04166666666667,52.125
2023-05-10,36.57083333333333,25.191666666666666,403.2916666666667,26.5,5.220833333333333,75.75,0.43375,0.0,2.6374999999999997,73.58333333333333,50.291666666666664
2023-05-11,57.4375,39.62916666666667,529.5833333333334,32.604166666666664,6.970833333333334,82.20833333333333,0.7725,0.375,2.245833333333333,98.83333333333333,67.125
2023-05-12,54.29583333333333,37.708333333333336,543.4166666666666,31.116666666666664,6.116666666666667,96.375,0.6520833333333333,0.2916666666666667,2.1229166666666663,107.25,69.83333333333333
2023-05-13,38.49166666666667,26.758333333333336,354.875,15.225,3.6999999999999997,103.79166666666667,0.685,0.0,2.15625,100.54166666666667,66.70833333333333
2023-05-14,33.262499999999996,22.837500000000002,423.0833333333333,25.679166666666664,4.0125,76.5,0.38999999999999996,0.2916666666666667,2.4604166666666667,76.5,56.958333333333336
2023-05-15,40.020833333333336,27.537499999999998,581.2916666666666,33.229166666666664,5.2749999999999995,72.75,0.28791666666666665,0.375,2.591666666666667,76.70833333333333,56.541666666666664
2023-05-16,46.104166666666664,31.791666666666668,734.0416666666666,48.074999999999996,7.204166666666667,67.875,0.3104166666666667,0.041666666666666664,2.4770833333333333,91.79166666666667,64.5
2023-05-17,56.645833333333336,39.18333333333333,746.375,51.00416666666666,8.966666666666667,81.91666666666667,0.405,0.25,2.2895833333333333,109.20833333333333,70.08333333333333
2023-05-18,46.26666666666667,31.854166666666668,469.6666666666667,27.09583333333333,6.691666666666666,100.125,0.4495833333333334,0.16666666666666666,2.0875,102.58333333333333,67.25
2023-05-19,46.59166666666667,31.9875,395.5833333333333,22.708333333333332,6.175,104.16666666666667,0.5670833333333333,0.5833333333333334,2.1041666666666665,98.625,66.41666666666667
2023-05-20,48.8125,32.75,422.7083333333333,26.670833333333334,5.395833333333333,90.75,0.7829166666666666,2.2083333333333335,1.9520833333333334,89.75,64.04166666666667
2023-05-21,62.012499999999996,42.11666666666667,470.0833333333333,26.491666666666664,5.783333333333334,98.29166666666667,0.9387500000000001,2.7083333333333335,1.7562499999999999,113.33333333333333,72.45833333333333
2023-05-22,55.791666666666664,38.13333333333333,454.375,23.054166666666664,5.0625,100.75,0.7475,2.1666666666666665,2.0479166666666666,114.79166666666667,71.75
2023-05-23,57.37916666666666,39.1,520.2083333333334,28.22083333333333,7.804166666666667,105.54166666666667,0.7433333333333333,2.5833333333333335,1.9375,115.625,70.66666666666667
2023-05-24,43.9625,30.179166666666664,421.7916666666667,19.233333333333334,7.266666666666667,103.29166666666667,0.6166666666666667,1.125,1.9791666666666667,107.20833333333333,69.375
2023-05-25,30.3875,20.82916666666667,304.25,11.112499999999999,5.508333333333333,104.375,0.46208333333333335,0.4166666666666667,2.379166666666667,85.41666666666667,57.208333333333336
2023-05-26,28.662499999999998,19.533333333333335,290.1666666666667,15.033333333333333,4.554166666666666,82.83333333333333,0.4608333333333334,0.9583333333333334,2.3145833333333337,69.79166666666667,47.791666666666664
2023-05-27,34.40833333333334,23.516666666666666,453.6666666666667,27.65833333333333,5.004166666666666,67.25,0.33041666666666664,0.8333333333333334,2.5166666666666666,66.375,44.791666666666664
2023-05-28,35.541666666666664,24.03333333333333,428.5833333333333,28.541666666666668,5.4750000000000005,69.58333333333333,0.4091666666666667,1.0,2.2895833333333333,79.16666666666667,60.125
2023-05-29,45.19166666666666,30.349999999999998,432.1666666666667,25.6375,6.5125,88.0,0.6095833333333333,2.7916666666666665,1.9625000000000001,84.79166666666667,60.625
2023-05-30,56.512499999999996,38.25833333333333,456.0833333333333,23.28333333333333,6.816666666666666,99.29166666666667,0.7679166666666667,4.375,2.1333333333333333,101.91666666666667,68.45833333333333
2023-05-31,57.94166666666666,39.86666666666667,476.0,26.325,6.754166666666666,91.5,0.6883333333333334,2.1666666666666665,1.5541666666666665,111.41666666666667,72.125
2023-06-01,44.19583333333333,30.233333333333334,380.6666666666667,18.554166666666667,4.695833333333334,95.5,0.7075,1.125,2.0166666666666666,99.375,67.66666666666667
2023-06-02,36.916666666666664,25.1875,394.75,22.787499999999998,4.470833333333333,76.70833333333333,0.6408333333333334,1.5,2.0875,77.91666666666667,58.083333333333336
2023-06-03,44.8375,30.2,333.0416666666667,17.495833333333334,5.320833333333334,90.20833333333333,0.6220833333333333,3.4583333333333335,2.19375,87.79166666666667,63.833333333333336
2023-06-04,34.69583333333333,23.337500000000002,387.5833333333333,21.754166666666666,4.495833333333334,74.45833333333333,0.54125,2.7083333333333335,2.21875,78.70833333333333,57.666666666666664
2023-06-05,36.62083333333333,24.191666666666666,276.1666666666667,15.866666666666667,3.795833333333333,74.33333333333333,0.5204166666666666,3.9583333333333335,2.09375,78.83333333333333,59.583333333333336
2023-06-06,27.104166666666668,16.966666666666665,245.91666666666666,15.3375,3.35,63.708333333333336,0.3658333333333333,6.708333333333333,2.4895833333333335,65.04166666666667,40.875
2023-06-07,22.691666666666666,14.866666666666667,214.08333333333334,11.704166666666666,3.141666666666667,63.958333333333336,0.3770833333333334,3.5416666666666665,2.341666666666667,61.583333333333336,35.833333333333336
2023-06-08,11.529166666666667,7.729166666666667,183.45833333333334,11.070833333333333,3.0083333333333333,50.75,0.26166666666666666,0.5833333333333334,2.345833333333333,45.083333333333336,25.958333333333332
2023-06-09,13.8375,9.3375,183.83333333333334,10.695833333333333,3.220833333333333,49.041666666666664,0.20625000000000002,0.625,2.7062500000000003,35.166666666666664,21.833333333333332
2023-06-10,9.275,6.2375,166.91666666666666,9.820833333333333,2.9583333333333335,44.291666666666664,0.15,0.5833333333333334,2.4770833333333333,34.083333333333336,20.5
2023-06-11,11.612499999999999,7.445833333333333,166.375,9.754166666666666,2.7708333333333335,42.708333333333336,0.18958333333333333,2.125,2.5875,26.458333333333332,18.041666666666668
2023-06-12,14.549999999999999,8.975,181.25,11.262500000000001,3.35,44.083333333333336,0.24416666666666667,3.6666666666666665,2.15,35.708333333333336,20.833333333333332
2023-06-13,16.083333333333332,9.383333333333333,177.66666666666666,10.4,2.9583333333333335,49.583333333333336,0.19999999999999998,7.0,2.8041666666666667,38.166666666666664,22.625
2023-06-14,18.837500000000002,10.862499999999999,192.45833333333334,12.454166666666666,2.904166666666667,47.25,0.22875,8.625,2.5208333333333335,41.333333333333336,23.333333333333332
2023-06-15,21.516666666666666,12.541666666666666,174.5,9.566666666666666,3.341666666666667,50.708333333333336,0.23375,9.375,2.4812499999999997,49.166666666666664,25.916666666666668
2023-06-16,22.058333333333334,12.5625,166.875,8.108333333333333,4.329166666666667,58.25,0.21041666666666667,10.333333333333334,2.702083333333333,50.75,28.0
2023-06-17,26.804166666666664,14.654166666666667,172.20833333333334,8.166666666666666,4.425,55.458333333333336,0.2675,16.125,2.4125,52.958333333333336,28.708333333333332
2023-06-18,21.216666666666665,12.033333333333333,173.70833333333334,8.691666666666666,4.141666666666667,53.541666666666664,0.35375,11.333333333333334,1.7562499999999999,52.791666666666664,27.583333333333332
2023-06-19,26.099999999999998,15.424999999999999,223.0,13.137500000000001,6.175,48.541666666666664,0.43166666666666664,12.25,1.1583333333333334,52.333333333333336,26.291666666666668
2023-06-20,26.28333333333333,17.150000000000002,290.8333333333333,19.379166666666666,7.495833333333334,35.791666666666664,0.50625,5.791666666666667,0.6375000000000001,59.666666666666664,33.125
2023-06-21,34.824999999999996,21.245833333333334,263.125,15.0625,6.3125,49.291666666666664,0.6770833333333334,14.041666666666666,1.1604166666666667,64.54166666666667,38.083333333333336
2023-06-22,27.879166666666666,16.745833333333334,245.625,14.004166666666668,5.208333333333333,48.875,0.38458333333333333,11.833333333333334,1.7229166666666667,66.625,40.666666666666664
2023-06-23,20.470833333333335,12.883333333333333,216.5,13.216666666666667,4.329166666666667,43.208333333333336,0.29291666666666666,6.416666666666667,1.7333333333333334,57.791666666666664,31.458333333333332
2023-06-24,10.950000000000001,7.0125,171.5,10.133333333333333,2.8625000000000003,38.5,0.19499999999999998,2.7083333333333335,1.5666666666666667,38.0,20.166666666666668
2023-06-25,17.570833333333333,10.479166666666666,198.45833333333334,12.8375,3.2416666666666667,41.333333333333336,0.2354166666666667,7.083333333333333,1.8812499999999999,38.375,20.041666666666668
2023-06-26,14.775,8.920833333333333,188.375,11.879166666666668,3.0749999999999997,40.5,0.23458333333333334,5.125,1.7166666666666668,39.333333333333336,20.666666666666668
2023-06-27,14.291666666666666,8.679166666666667,196.41666666666666,10.554166666666667,3.8541666666666665,44.583333333333336,0.24375,5.291666666666667,1.8812499999999999,38.333333333333336,20.708333333333332
2023-06-28,8.154166666666667,5.416666666666667,188.0,8.525,3.0749999999999997,47.416666666666664,0.10458333333333335,1.75,1.9333333333333333,29.333333333333332,19.875
2023-06-29,8.379166666666666,5.625,194.29166666666666,9.004166666666666,3.579166666666667,50.416666666666664,0.11541666666666667,1.25,1.9083333333333332,26.416666666666668,20.166666666666668
2023-06-30,11.866666666666667,6.383333333333333,193.375,9.525,3.5583333333333336,47.625,0.16,7.458333333333333,1.8083333333333333,24.625,19.083333333333332
2023-07-01,19.6375,8.987499999999999,210.79166666666666,10.954166666666666,3.5,47.416666666666664,0.24750000000000003,19.25,2.222916666666667,29.541666666666668,19.791666666666668
2023-07-02,14.541666666666666,7.5375000000000005,195.375,9.75,3.345833333333333,41.083333333333336,0.28291666666666665,12.416666666666666,1.89375,39.583333333333336,20.916666666666668
2023-07-03,5.208333333333333,3.470833333333333,181.20833333333334,8.945833333333333,2.8874999999999997,38.125,0.12833333333333333,0.7083333333333334,1.5208333333333333,24.125,16.0
2023-07-04,4.454166666666667,3.0666666666666664,188.08333333333334,9.275,3.283333333333333,41.583333333333336,0.08541666666666665,0.125,1.4833333333333334,19.541666666666668,16.583333333333332
2023-07-05,4.045833333333333,2.829166666666667,179.125,9.258333333333333,3.125,41.625,0.048749999999999995,0.0,0.8645833333333334,18.875,16.666666666666668
2023-07-06,3.845833333333333,2.65,176.45833333333334,9.016666666666667,3.045833333333333,38.458333333333336,0.07833333333333334,0.20833333333333334,0.9375,18.166666666666668,15.416666666666666
2023-07-07,4.7749999999999995,3.158333333333333,174.375,7.9750000000000005,3.0541666666666667,45.0,0.13583333333333333,0.5,1.7395833333333333,20.666666666666668,18.041666666666668
2023-07-08,5.5625,3.8125,205.20833333333334,11.325000000000001,3.9,38.916666666666664,0.08208333333333333,0.4166666666666667,0.8937499999999999,18.583333333333332,15.583333333333334
2023-07-09,10.862499999999999,6.570833333333333,218.08333333333334,12.733333333333334,3.9916666666666667,40.333333333333336,0.15291666666666667,4.333333333333333,1.4854166666666666,20.708333333333332,17.041666666666668
2023-07-10,17.083333333333332,9.404166666666667,243.0,14.658333333333333,4.5625,38.583333333333336,0.22083333333333333,10.5,1.8020833333333333,33.333333333333336,18.625
2023-07-11,19.495833333333334,10.35,232.125,14.049999999999999,4.175,34.625,0.29625,14.5,0.8624999999999999,43.166666666666664,20.791666666666668
2023-07-12,20.558333333333334,10.5375,243.66666666666666,14.016666666666666,4.395833333333333,39.583333333333336,0.29583333333333334,14.916666666666666,1.7083333333333333,43.166666666666664,21.666666666666668
2023-07-13,8.179166666666667,5.483333333333333,201.16666666666666,11.075000000000001,3.9791666666666665,37.333333333333336,0.145,1.125,1.59375,34.166666666666664,18.583333333333332
2023-07-14,6.479166666666667,4.4875,182.0,9.5875,3.5541666666666667,35.583333333333336,0.09083333333333334,0.7083333333333334,2.0145833333333334,21.25,14.291666666666666
2023-07-15,11.666666666666666,6.4375,190.0,10.5875,3.4791666666666665,35.0,0.17083333333333336,6.916666666666667,2.0854166666666667,21.083333333333332,14.541666666666666
2023-07-16,15.091666666666667,7.620833333333334,198.625,10.762500000000001,3.5041666666666664,35.083333333333336,0.21708333333333332,11.916666666666666,2.060416666666667,30.75,16.833333333333332
2023-07-17,14.295833333333334,6.9624999999999995,182.125,8.549999999999999,3.0583333333333336,40.208333333333336,0.21958333333333335,12.75,2.125,30.416666666666668,17.708333333333332
2023-07-18,9.266666666666667,4.795833333333333,155.29166666666666,6.845833333333334,2.6416666666666666,40.708333333333336,0.20541666666666666,7.041666666666667,1.7354166666666666,26.333333333333332,16.708333333333332
2023-07-19,8.258333333333333,4.175,137.41666666666666,6.158333333333334,2.279166666666667,41.291666666666664,0.23208333333333334,6.458333333333333,1.6020833333333335,20.708333333333332,16.5
2023-07-20,9.487499999999999,4.420833333333333,135.45833333333334,5.108333333333333,1.9875,41.208333333333336,0.28791666666666665,9.375,2.1416666666666666,19.541666666666668,16.416666666666668
2023-07-21,10.204166666666667,4.654166666666667,142.58333333333334,5.495833333333334,2.0500000000000003,41.291666666666664,0.26166666666666666,10.708333333333334,2.0416666666666665,20.25,16.416666666666668
2023-07-22,5.654166666666666,3.3083333333333336,143.75,6.616666666666667,2.408333333333333,38.666666666666664,0.18875,2.7083333333333335,1.5770833333333334,19.458333333333332,15.583333333333334
2023-07-23,3.9,2.654166666666667,165.83333333333334,8.154166666666667,2.7875,35.041666666666664,0.10916666666666668,0.25,1.075,16.375,14.041666666666666
2023-07-24,5.2749999999999995,3.3625000000000003,164.75,8.108333333333333,2.6958333333333333,37.25,0.15916666666666665,1.4583333333333333,1.2145833333333333,17.541666666666668,14.875
2023-07-25,5.395833333333333,3.6999999999999997,189.66666666666666,10.716666666666667,3.1916666666666664,32.291666666666664,0.1125,0.4583333333333333,1.125,15.333333333333334,12.958333333333334
2023-07-26,4.6000000000000005,3.1625,171.91666666666666,9.408333333333333,2.904166666666667,32.041666666666664,0.10958333333333332,0.041666666666666664,0.9479166666666666,16.416666666666668,12.875
2023-07-27,7.2375,4.258333333333334,157.79166666666666,7.3500000000000005,2.6333333333333333,36.958333333333336,0.15833333333333335,3.3333333333333335,2.1437500000000003,16.833333333333332,14.708333333333334
2023-07-28,8.174999999999999,4.633333333333334,159.5,7.183333333333334,2.670833333333333,39.75,0.17375,4.25,2.160416666666667,20.208333333333332,15.916666666666666
2023-07-29,12.945833333333333,6.6499999999999995,165.54166666666666,7.508333333333333,2.8833333333333333,39.916666666666664,0.2558333333333333,9.166666666666666,2.158333333333333,22.583333333333332,16.208333333333332
2023-07-30,12.579166666666666,6.8374999999999995,184.29166666666666,9.495833333333334,3.279166666666667,37.583333333333336,0.24083333333333334,7.75,2.03125,29.791666666666668,16.875
2023-07-31,17.070833333333333,7.483333333333333,167.29166666666666,8.229166666666666,2.858333333333333,42.416666666666664,0.28791666666666665,17.375,2.004166666666667,28.333333333333332,17.875
2023-08-01,11.950000000000001,5.629166666666666,148.5,7.0,2.504166666666667,42.583333333333336,0.21458333333333335,11.208333333333334,2.03125,28.208333333333332,18.583333333333332
2023-08-02,17.283333333333335,8.229166666666666,163.95833333333334,7.270833333333333,2.6333333333333333,44.666666666666664,0.25666666666666665,14.958333333333334,1.6645833333333335,27.541666666666668,18.125
2023-08-03,14.200000000000001,7.0625,168.95833333333334,7.5249999999999995,2.716666666666667,45.041666666666664,0.29541666666666666,11.0,1.78125,31.541666666666668,18.916666666666668
2023-08-04,11.808333333333332,7.058333333333334,185.125,9.129166666666666,3.1833333333333336,39.458333333333336,0.25125000000000003,5.208333333333333,2.3229166666666665,31.5,17.25
2023-08-05,12.916666666666666,7.2375,185.08333333333334,9.891666666666667,3.2708333333333335,39.625,0.25166666666666665,7.041666666666667,2.0729166666666665,28.958333333333332,17.125
2023-08-06,16.583333333333332,8.65,191.875,10.416666666666666,3.5083333333333333,43.25,0.25083333333333335,12.458333333333334,2.375,31.791666666666668,19.25
2023-08-07,17.304166666666667,8.704166666666667,204.79166666666666,11.375,3.591666666666667,42.5,0.2070833333333333,14.25,2.275,37.291666666666664,20.708333333333332
2023-08-08,22.912499999999998,11.299999999999999,254.91666666666666,14.941666666666668,4.383333333333334,39.333333333333336,0.29583333333333334,19.5,2.025,41.166666666666664,22.0
2023-08-09,27.175,13.258333333333333,299.125,16.416666666666668,5.1625000000000005,41.083333333333336,0.3020833333333333,23.541666666666668,2.433333333333333,47.791666666666664,25.666666666666668
2023-08-10,33.88333333333333,16.483333333333334,296.125,16.429166666666667,5.5375000000000005,38.708333333333336,0.33875000000000005,31.166666666666668,2.1041666666666665,56.125,30.458333333333332
2023-08-11,45.2125,22.458333333333332,424.9166666666667,21.983333333333334,7.520833333333333,35.875,0.37125,41.75,2.2937499999999997,66.75,41.708333333333336
2023-08-12,38.11666666666667,18.254166666666666,254.20833333333334,14.620833333333332,4.7124999999999995,43.25,0.3725,38.041666666666664,2.4187499999999997,69.54166666666667,46.083333333333336
2023-08-13,33.13333333333333,14.200000000000001,236.91666666666666,13.200000000000001,4.45,43.25,0.28375,39.875,2.3874999999999997,57.416666666666664,34.75
2023-08-14,40.25,16.954166666666666,285.875,15.404166666666667,4.929166666666666,42.75,0.29041666666666666,47.333333333333336,2.4458333333333333,56.5,34.666666666666664
2023-08-15,40.112500000000004,17.391666666666666,291.875,14.7125,4.925,47.291666666666664,0.3429166666666667,46.666666666666664,2.2729166666666667,60.5,40.0
2023-08-16,37.7125,15.854166666666666,265.5833333333333,13.950000000000001,4.529166666666667,48.958333333333336,0.30624999999999997,45.75,2.558333333333333,60.625,40.25
2023-08-17,27.116666666666664,12.316666666666668,222.91666666666666,11.683333333333335,4.0125,47.166666666666664,0.28875,28.291666666666668,2.5604166666666663,56.166666666666664,34.458333333333336
2023-08-18,17.816666666666666,8.25,181.33333333333334,8.654166666666667,3.2708333333333335,46.208333333333336,0.32125,17.083333333333332,2.3000000000000003,43.583333333333336,24.666666666666668
2023-08-19,10.429166666666667,6.0,181.20833333333334,8.5,3.1916666666666664,37.583333333333336,0.2625,4.708333333333333,1.5229166666666665,29.958333333333332,17.416666666666668
2023-08-20,18.212500000000002,8.679166666666667,210.20833333333334,10.8125,3.625,39.375,0.22208333333333333,17.666666666666668,2.2416666666666667,26.5,17.291666666666668
2023-08-21,29.849999999999998,13.616666666666667,293.4583333333333,15.029166666666667,4.854166666666667,40.583333333333336,0.2558333333333333,31.625,2.61875,45.333333333333336,25.166666666666668
2023-08-22,27.108333333333334,14.458333333333334,280.875,16.1375,6.066666666666666,49.375,0.28625,18.458333333333332,2.277083333333333,54.166666666666664,31.666666666666668
2023-08-23,31.96666666666667,14.779166666666667,288.5833333333333,15.9625,5.216666666666667,47.208333333333336,0.2529166666666667,33.541666666666664,2.7875,56.916666666666664,32.125
2023-08-24,28.925,13.783333333333333,292.9583333333333,15.008333333333333,5.108333333333333,47.0,0.18416666666666667,28.416666666666668,2.7916666666666665,55.083333333333336,31.375
2023-08-25,23.849999999999998,12.854166666666666,279.5833333333333,14.575000000000001,5.058333333333334,49.0,0.19833333333333333,16.666666666666668,2.7770833333333336,52.083333333333336,29.375
2023-08-26,14.095833333333333,8.991666666666667,225.0,11.466666666666667,4.4125000000000005,39.833333333333336,0.205,3.0833333333333335,2.2062500000000003,47.166666666666664,23.958333333333332
2023-08-27,18.775,10.895833333333334,278.1666666666667,16.279166666666665,5.366666666666667,35.666666666666664,0.2020833333333333,8.916666666666666,2.1166666666666667,42.083333333333336,21.541666666666668
2023-08-28,19.329166666666666,10.233333333333333,216.79166666666666,11.345833333333333,4.4125000000000005,41.791666666666664,0.12875,14.291666666666666,3.0749999999999997,44.708333333333336,22.833333333333332
2023-08-29,17.683333333333334,8.887500000000001,198.91666666666666,10.508333333333333,4.241666666666666,40.333333333333336,0.14916666666666667,14.125,2.904166666666667,40.416666666666664,21.291666666666668
2023-08-30,22.083333333333332,12.025,277.7916666666667,15.254166666666668,5.279166666666667,40.791666666666664,0.17500000000000002,14.083333333333334,2.8395833333333336,41.208333333333336,22.541666666666668
2023-08-31,22.974999999999998,14.429166666666667,327.75,17.4875,6.8500000000000005,50.625,0.23416666666666666,6.5,1.7312500000000002,54.541666666666664,30.583333333333332
2023-09-01,19.970833333333335,12.991666666666667,338.75,19.891666666666666,6.733333333333333,48.333333333333336,0.19458333333333333,4.708333333333333,2.3583333333333334,51.291666666666664,28.041666666666668
2023-09-02,15.083333333333334,9.799999999999999,239.0,12.637500000000001,4.8875,47.958333333333336,0.17166666666666666,3.7083333333333335,1.5729166666666667,48.75,24.791666666666668
2023-09-03,23.495833333333334,13.075000000000001,224.58333333333334,11.762500000000001,4.308333333333334,47.0,0.26625,14.208333333333334,2.2916666666666665,46.0,23.583333333333332
2023-09-04,24.245833333333334,14.75,220.41666666666666,11.762500000000001,4.020833333333333,36.875,0.25666666666666665,11.916666666666666,0.63125,54.375,27.958333333333332
2023-09-05,12.741666666666667,8.370833333333334,227.04166666666666,11.041666666666666,3.6,37.375,0.22833333333333336,3.7916666666666665,1.2708333333333333,49.833333333333336,25.0
2023-09-06,8.283333333333333,5.633333333333333,212.0,10.195833333333333,3.5500000000000003,40.291666666666664,0.12208333333333334,0.7916666666666666,1.6125,25.791666666666668,17.083333333333332
2023-09-07,8.941666666666666,5.825,212.5,10.154166666666667,3.75,40.541666666666664,0.14791666666666667,2.25,1.16875,25.333333333333332,16.291666666666668
2023-09-08,7.825,4.645833333333333,185.58333333333334,8.204166666666667,3.1833333333333336,42.791666666666664,0.14,3.75,2.1020833333333333,24.166666666666668,17.166666666666668
2023-09-09,8.258333333333333,5.091666666666667,188.58333333333334,8.5375,3.2375000000000003,40.625,0.12083333333333333,2.4583333333333335,2.3020833333333335,21.583333333333332,16.375
2023-09-10,12.429166666666667,6.633333333333333,207.83333333333334,9.791666666666666,3.341666666666667,43.583333333333336,0.15833333333333335,8.416666666666666,2.1979166666666665,24.666666666666668,17.541666666666668
2023-09-11,11.816666666666668,7.029166666666666,212.29166666666666,9.970833333333333,3.3125,40.166666666666664,0.18416666666666667,4.875,1.9854166666666666,27.666666666666668,16.875
2023-09-12,9.825000000000001,6.0125,217.70833333333334,10.733333333333334,3.3958333333333335,38.75,0.15083333333333335,3.0833333333333335,2.2333333333333334,28.583333333333332,16.75
2023-09-13,13.225,7.845833333333334,211.75,10.504166666666666,3.7416666666666667,42.041666666666664,0.18166666666666667,5.375,2.1166666666666667,29.5,17.625
2023-09-14,10.479166666666666,6.2875000000000005,205.58333333333334,9.895833333333334,3.5875,36.916666666666664,0.16541666666666668,4.333333333333333,1.8645833333333333,30.625,16.958333333333332
2023-09-15,6.541666666666667,4.2625,186.875,7.8,3.1958333333333333,36.708333333333336,0.10958333333333332,1.1666666666666667,1.9145833333333335,21.708333333333332,14.916666666666666
2023-09-16,6.3875,4.316666666666666,192.45833333333334,8.891666666666667,3.4333333333333336,34.375,0.09041666666666666,0.4583333333333333,1.9000000000000001,19.166666666666668,13.791666666666666
2023-09-17,9.958333333333334,6.341666666666666,236.54166666666666,12.654166666666667,4.2124999999999995,33.458333333333336,0.14625000000000002,2.4583333333333335,1.91875,21.541666666666668,15.0
2023-09-18,12.174999999999999,7.6125,236.83333333333334,11.870833333333332,4.3,37.416666666666664,0.165,3.3333333333333335,1.76875,29.333333333333332,17.0
2023-09-19,16.287499999999998,9.25,268.2916666666667,14.666666666666666,4.483333333333333,39.458333333333336,0.18291666666666664,8.416666666666666,1.9604166666666665,34.541666666666664,20.208333333333332
2023-09-20,16.704166666666666,9.666666666666666,288.1666666666667,15.808333333333335,5.0249999999999995,39.375,0.18000000000000002,7.25,2.308333333333333,41.416666666666664,22.0
2023-09-21,19.045833333333334,11.604166666666666,355.75,17.833333333333332,5.904166666666666,38.333333333333336,0.18291666666666664,6.291666666666667,2.2354166666666666,40.708333333333336,22.541666666666668
2023-09-22,24.141666666666666,12.9625,310.25,18.041666666666668,5.575,45.791666666666664,0.2325,15.375,2.2104166666666667,51.0,27.208333333333332
2023-09-23,19.158333333333335,10.245833333333334,238.83333333333334,12.225,4.5625,48.041666666666664,0.21375,12.708333333333334,2.3041666666666667,49.166666666666664,25.625
2023-09-24,13.854166666666666,8.154166666666667,221.66666666666666,11.504166666666668,4.033333333333333,43.416666666666664,0.1825,6.916666666666667,2.3125,38.5,21.208333333333332
2023-09-25,21.195833333333333,11.029166666666667,252.70833333333334,13.441666666666668,4.25,41.333333333333336,0.22583333333333333,15.416666666666666,2.0166666666666666,40.458333333333336,21.0
2023-09-26,18.504166666666666,10.579166666666667,230.875,11.004166666666668,4.125,46.458333333333336,0.23958333333333334,9.583333333333334,2.254166666666667,45.875,23.75
2023-09-27,12.258333333333333,7.6125,208.66666666666666,9.325000000000001,3.4125,41.625,0.18166666666666667,4.041666666666667,2.30625,37.125,20.458333333333332
2023-09-28,9.049999999999999,5.683333333333334,198.16666666666666,9.145833333333334,3.4625,35.625,0.13916666666666666,2.5,1.8083333333333333,28.458333333333332,16.291666666666668
2023-09-29,7.108333333333333,4.45,168.125,6.8374999999999995,3.204166666666667,38.958333333333336,0.11125,2.5,2.2416666666666667,22.5,15.666666666666666
2023-09-30,4.629166666666666,3.1791666666666667,176.54166666666666,6.8625,3.4291666666666667,39.958333333333336,0.09000000000000001,0.25,2.439583333333333,20.583333333333332,15.958333333333334
2023-10-01,5.029166666666667,3.4125,170.125,6.316666666666666,2.891666666666667,47.416666666666664,0.11041666666666666,0.2916666666666667,2.160416666666667,20.666666666666668,19.083333333333332
2023-10-02,21.004166666666666,13.883333333333333,267.3333333333333,12.387500000000001,4.091666666666667,67.66666666666667,0.255,3.3333333333333335,2.2375000000000003,32.833333333333336,29.0
2023-10-03,37.175000000000004,24.5125,324.9583333333333,15.683333333333332,4.558333333333334,72.33333333333333,0.32541666666666663,6.958333333333333,2.0437499999999997,68.0,45.333333333333336
2023-10-04,46.94166666666666,30.183333333333334,391.875,20.241666666666667,6.7625,72.375,0.345,9.666666666666666,2.15625,80.25,60.958333333333336
2023-10-05,56.862500000000004,36.75,430.9583333333333,19.912499999999998,8.487499999999999,84.91666666666667,0.4091666666666667,8.041666666666666,2.2104166666666667,100.33333333333333,68.5
2023-10-06,63.82916666666667,40.05,401.5416666666667,16.9375,9.229166666666666,103.0,0.6870833333333333,11.5,1.7916666666666667,107.16666666666667,69.875
2023-10-07,56.449999999999996,36.612500000000004,492.1666666666667,22.5125,10.045833333333333,98.04166666666667,0.5854166666666667,6.75,1.9916666666666665,111.41666666666667,70.95833333333333
2023-10-08,60.25833333333333,39.525,435.9583333333333,19.458333333333332,9.887500000000001,100.66666666666667,0.9475000000000001,4.5,1.3354166666666665,105.20833333333333,69.83333333333333
2023-10-09,48.0375,33.0,485.2916666666667,23.291666666666668,9.225,79.75,0.7816666666666667,1.5416666666666667,1.2458333333333333,102.5,69.16666666666667
2023-10-10,58.07083333333333,39.19166666666667,593.5833333333334,30.366666666666664,11.908333333333333,76.91666666666667,0.835,2.1666666666666665,1.4104166666666667,101.70833333333333,68.75
2023-10-11,55.833333333333336,37.300000000000004,544.5833333333334,27.462500000000002,9.929166666666667,81.25,0.9129166666666667,2.8333333333333335,1.5791666666666666,107.33333333333333,70.625
2023-10-12,55.1,35.09583333333334,522.8333333333334,25.558333333333334,10.450000000000001,77.16666666666667,0.5333333333333333,7.333333333333333,2.214583333333333,102.70833333333333,69.29166666666667
2023-10-13,49.31666666666666,29.554166666666664,448.5416666666667,23.833333333333332,9.779166666666667,76.33333333333333,0.22624999999999998,13.0,2.4854166666666666,95.75,66.79166666666667
2023-10-14,45.225,28.3875,405.875,19.412499999999998,8.1,76.0,0.32625,8.625,2.347916666666667,86.41666666666667,63.208333333333336
2023-10-15,43.8375,28.629166666666666,416.2083333333333,20.416666666666668,8.445833333333333,68.16666666666667,0.4345833333333333,5.333333333333333,2.1041666666666665,84.83333333333333,62.75
2023-10-16,41.42916666666667,26.4875,390.9583333333333,19.599999999999998,6.654166666666666,62.416666666666664,0.5808333333333333,5.541666666666667,1.6062500000000002,79.91666666666667,60.791666666666664
2023-10-17,42.78333333333333,27.349999999999998,393.625,18.954166666666666,8.458333333333334,73.375,0.5625,3.8333333333333335,1.9229166666666666,82.54166666666667,61.75
2023-10-18,54.31666666666666,32.50833333333333,410.2083333333333,17.016666666666666,8.875,86.04166666666667,0.5216666666666666,7.958333333333333,2.066666666666667,87.125,63.541666666666664
2023-10-19,67.89583333333333,40.983333333333334,459.2083333333333,18.9625,8.862499999999999,86.125,0.5525,10.125,2.1416666666666666,106.33333333333333,70.33333333333333
2023-10-20,76.40416666666667,46.32916666666667,458.5416666666667,17.020833333333332,8.233333333333333,87.95833333333333,0.6616666666666666,10.083333333333334,1.83125,121.58333333333333,75.33333333333333
2023-10-21,55.199999999999996,35.18333333333333,431.5416666666667,16.412499999999998,7.079166666666667,83.125,0.6470833333333333,3.7083333333333335,1.8062500000000001,112.75,72.45833333333333
2023-10-22,61.637499999999996,39.608333333333334,673.5,30.27916666666667,11.095833333333333,80.95833333333333,0.6587500000000001,1.9166666666666667,1.7291666666666667,96.875,67.04166666666667
2023-10-23,68.07916666666667,41.82083333333333,754.5,37.766666666666666,14.404166666666667,76.91666666666667,0.43,7.625,2.1125000000000003,118.91666666666667,74.375
2023-10-24,54.05416666666667,33.583333333333336,797.0,38.579166666666666,14.445833333333333,77.91666666666667,0.24875,5.875,2.2687500000000003,103.29166666666667,68.45833333333333
2023-10-25,57.54583333333333,36.38333333333333,700.4166666666666,38.7375,16.416666666666668,86.625,0.33625,3.4583333333333335,2.1104166666666666,108.83333333333333,69.91666666666667
2023-10-26,57.94583333333333,36.74583333333333,668.2083333333334,34.90416666666667,14.766666666666666,87.75,0.3475,2.625,2.1958333333333333,107.33333333333333,68.95833333333333
2023-10-27,51.833333333333336,32.670833333333334,457.625,19.229166666666668,10.804166666666667,102.54166666666667,0.41500000000000004,2.0416666666666665,2.1375,105.33333333333333,68.79166666666667
2023-10-28,31.525000000000002,20.808333333333334,353.1666666666667,12.716666666666667,5.520833333333333,82.83333333333333,0.3825,0.375,2.1395833333333334,79.70833333333333,57.0
2023-10-29,23.245833333333334,15.237499999999999,321.1666666666667,12.079166666666666,6.270833333333333,69.79166666666667,0.3645833333333333,0.0,1.5999999999999999,63.291666666666664,37.125
2023-10-30,24.679166666666664,16.354166666666668,372.7916666666667,14.612499999999999,6.183333333333334,67.75,0.41958333333333336,0.0,1.45625,59.25,33.791666666666664
2023-10-31,34.675000000000004,22.28333333333333,384.125,13.299999999999999,5.983333333333333,89.20833333333333,0.55125,0.8333333333333334,1.5979166666666667,62.75,42.791666666666664
2023-11-01,33.6875,21.78333333333333,370.0,14.791666666666666,5.5874999999999995,76.375,0.5141666666666667,1.2083333333333333,1.4000000000000001,74.08333333333333,53.208333333333336
2023-11-02,14.654166666666667,9.954166666666667,333.375,15.737499999999999,5.341666666666666,48.125,0.19958333333333333,0.0,1.5875000000000001,60.333333333333336,34.833333333333336
2023-11-03,10.641666666666667,7.320833333333333,305.1666666666667,14.941666666666668,5.508333333333333,43.083333333333336,0.1275,0.0,1.7583333333333335,33.5,20.25
2023-11-04,11.229166666666666,7.745833333333334,282.0833333333333,15.625,6.5874999999999995,34.75,0.13541666666666666,0.0,1.2770833333333333,30.541666666666668,17.333333333333332
2023-11-05,12.679166666666667,8.766666666666667,326.2083333333333,19.23333333333333,7.9624999999999995,36.0,0.18041666666666667,0.0,1.075,29.041666666666668,17.875
2023-11-06,22.108333333333334,15.158333333333333,389.0833333333333,20.008333333333333,8.7375,52.541666666666664,0.31958333333333333,0.0,1.9437499999999999,50.0,28.125
2023-11-07,24.820833333333336,17.170833333333334,482.8333333333333,26.099999999999998,10.775,42.583333333333336,0.30125,0.0,1.2708333333333333,61.916666666666664,35.875
2023-11-08,11.441666666666668,7.833333333333333,292.5416666666667,14.208333333333334,5.9624999999999995,45.0,0.14833333333333334,0.0,1.8083333333333333,47.583333333333336,26.291666666666668
2023-11-09,17.483333333333334,11.924999999999999,362.9166666666667,18.3625,6.366666666666667,41.458333333333336,0.24166666666666667,0.0,1.11875,37.75,21.291666666666668
2023-11-10,29.537499999999998,19.116666666666667,364.0833333333333,16.095833333333335,5.204166666666667,59.583333333333336,0.39041666666666663,0.16666666666666666,1.3020833333333333,52.833333333333336,29.666666666666668
2023-11-11,46.99166666666667,29.599999999999998,415.4166666666667,14.9,7.5249999999999995,81.16666666666667,0.28583333333333333,2.4583333333333335,2.19375,82.5,59.666666666666664
2023-11-12,59.449999999999996,37.045833333333334,478.9583333333333,16.0625,7.620833333333334,80.45833333333333,0.32208333333333333,2.9583333333333335,1.8833333333333335,93.95833333333333,66.125
2023-11-13,76.075,45.84166666666667,513.2916666666666,16.341666666666665,8.75,85.70833333333333,0.4466666666666667,3.875,1.8062500000000001,114.875,73.125
2023-11-14,56.38333333333333,35.949999999999996,440.875,15.2875,6.216666666666666,72.625,0.41250000000000003,1.9583333333333333,1.04375,120.08333333333333,74.875
2023-11-15,63.53333333333333,39.28333333333333,493.1666666666667,15.820833333333333,8.15,90.91666666666667,0.44375000000000003,0.7083333333333334,1.3979166666666665,97.29166666666667,67.20833333333333
2023-11-16,65.65833333333333,41.67916666666667,535.0833333333334,21.541666666666668,8.775,72.5,0.45999999999999996,0.5,1.8395833333333333,118.75,74.41666666666667
2023-11-17,45.32083333333333,29.304166666666664,405.8333333333333,14.545833333333334,7.904166666666666,74.29166666666667,0.45375000000000004,0.125,1.7416666666666665,102.375,69.0
2023-11-18,23.391666666666666,15.5375,322.875,12.366666666666667,5.3625,76.625,0.1875,0.0,2.11875,69.125,47.541666666666664
2023-11-19,19.554166666666667,13.041666666666666,337.2083333333333,15.566666666666668,6.325,67.79166666666667,0.13458333333333333,0.0,2.0208333333333335,53.125,32.666666666666664
2023-11-20,21.53333333333333,14.070833333333333,308.4166666666667,13.416666666666666,6.354166666666667,63.375,0.16833333333333333,0.0,1.4291666666666665,54.625,29.875
2023-11-21,23.458333333333332,16.045833333333334,375.375,19.3,8.433333333333334,53.916666666666664,0.18875,0.0,1.6541666666666668,56.5,31.125
2023-11-22,12.237499999999999,8.525,336.1666666666667,17.620833333333334,7.816666666666666,38.625,0.13083333333333333,0.0,1.1291666666666667,48.375,25.541666666666668
2023-11-23,12.916666666666666,8.883333333333333,336.2916666666667,16.912499999999998,7.541666666666667,43.166666666666664,0.135,0.0,1.1291666666666667,32.375,19.541666666666668
2023-11-24,17.650000000000002,11.766666666666666,310.9583333333333,12.695833333333333,7.020833333333333,53.708333333333336,0.18000000000000002,0.0,1.4375,47.708333333333336,24.833333333333332
2023-11-25,10.995833333333332,7.3875,288.0416666666667,11.35,5.179166666666666,52.458333333333336,0.15875,0.0,1.7145833333333333,35.333333333333336,22.75
2023-11-26,23.679166666666664,15.233333333333334,312.75,9.779166666666667,4.370833333333334,69.41666666666667,0.33249999999999996,0.4583333333333333,1.2437500000000001,47.0,28.75
2023-11-27,15.804166666666667,10.204166666666667,295.9166666666667,11.454166666666666,5.020833333333333,63.458333333333336,0.19208333333333336,0.0,1.5729166666666667,50.666666666666664,27.958333333333332
2023-11-28,18.1125,11.808333333333332,298.5416666666667,11.641666666666666,5.425,61.708333333333336,0.17625000000000002,0.0,1.5020833333333332,48.333333333333336,26.416666666666668
2023-11-29,11.920833333333334,8.0375,273.9583333333333,11.200000000000001,5.308333333333334,57.625,0.14041666666666666,0.0,1.5020833333333332,41.791666666666664,23.75
2023-11-30,10.008333333333333,6.791666666666667,296.4166666666667,12.179166666666667,6.175,52.125,0.12291666666666667,0.0,1.3979166666666665,29.25,20.958333333333332
2023-12-01,10.470833333333333,7.166666666666667,293.1666666666667,12.508333333333333,5.170833333333333,48.583333333333336,0.12916666666666668,0.0,1.2708333333333333,31.25,19.791666666666668
2023-12-02,24.120833333333334,15.716666666666667,332.0,11.458333333333334,6.2375,75.66666666666667,0.19208333333333336,0.125,1.6354166666666667,47.291666666666664,32.75
2023-12-03,7.904166666666666,5.4125000000000005,280.875,10.295833333333333,6.570833333333333,60.208333333333336,0.09041666666666666,0.0,1.2416666666666667,41.375,26.625
2023-12-04,14.954166666666666,9.904166666666667,309.75,12.920833333333334,6.55,50.208333333333336,0.12458333333333334,0.0,0.4041666666666666,32.291666666666664,21.166666666666668
2023-12-05,25.429166666666664,17.375,539.0833333333334,24.691666666666666,13.233333333333334,42.416666666666664,0.15333333333333335,0.0,1.3479166666666667,45.583333333333336,25.25
2023-12-06,47.95416666666667,33.237500000000004,923.5,47.82083333333333,18.908333333333335,51.958333333333336,0.29875,0.0,1.4479166666666667,79.375,57.166666666666664
2023-12-07,51.875,35.458333333333336,538.375,24.179166666666664,12.0625,88.70833333333333,0.5079166666666667,0.0,1.4124999999999999,99.95833333333333,68.16666666666667
2023-12-08,34.71666666666667,23.683333333333334,353.25,12.1,6.204166666666667,81.75,0.6520833333333333,0.0,1.1708333333333334,91.5,65.125
2023-12-09,23.041666666666668,15.570833333333333,326.0,11.8125,5.729166666666667,70.625,0.4775,0.0,1.3479166666666667,62.416666666666664,38.291666666666664
2023-12-10,37.237500000000004,25.224999999999998,337.1666666666667,11.366666666666667,6.116666666666667,79.125,0.5429166666666666,0.0,1.46875,70.33333333333333,47.625
2023-12-11,33.87083333333333,22.766666666666666,366.5416666666667,12.975,6.141666666666667,79.33333333333333,0.57375,0.0,1.0541666666666667,73.95833333333333,53.125
2023-12-12,39.06666666666667,26.354166666666668,402.375,15.049999999999999,5.95,84.25,0.46375000000000005,0.0,1.0999999999999999,76.16666666666667,56.791666666666664
2023-12-13,43.26666666666667,26.099999999999998,358.8333333333333,11.341666666666667,6.6625000000000005,91.125,0.4320833333333333,0.08333333333333333,1.5895833333333333,84.08333333333333,62.25
2023-12-14,39.4125,20.216666666666665,357.625,11.3375,5.045833333333333,86.45833333333333,0.3770833333333334,0.25,1.7374999999999998,72.45833333333333,51.5
2023-12-15,33.395833333333336,21.758333333333336,367.0416666666667,11.429166666666667,5.2875000000000005,78.375,0.27666666666666667,0.125,1.2020833333333334,69.91666666666667,45.75
2023-12-16,16.900000000000002,11.216666666666667,369.0,10.25,6.291666666666667,81.0,0.18500000000000003,0.0,1.3666666666666665,58.083333333333336,35.583333333333336
2023-12-17,22.28333333333333,14.487499999999999,308.75,9.049999999999999,4.616666666666666,75.75,0.29791666666666666,0.0,1.1520833333333333,50.708333333333336,30.25
2023-12-18,37.762499999999996,24.516666666666666,318.6666666666667,7.325,3.9916666666666667,87.16666666666667,0.38083333333333336,0.0,1.48125,64.16666666666667,39.625
2023-12-19,54.291666666666664,35.425000000000004,369.5416666666667,9.799999999999999,5.358333333333333,97.95833333333333,0.44416666666666665,0.0,1.7874999999999999,90.58333333333333,64.66666666666667
2023-12-20,49.625,31.695833333333336,358.2083333333333,10.754166666666668,4.629166666666666,89.375,0.38958333333333334,0.0,1.3833333333333335,98.20833333333333,67.66666666666667
2023-12-21,48.0875,31.275000000000002,418.75,14.637500000000001,5.383333333333333,75.875,0.36166666666666664,0.0,1.1395833333333334,92.54166666666667,65.58333333333333
2023-12-22,58.57083333333333,38.512499999999996,494.0833333333333,21.183333333333334,7.325,71.54166666666667,0.4116666666666667,0.0,1.7333333333333334,93.83333333333333,66.04166666666667
2023-12-23,66.41666666666667,43.32083333333333,477.8333333333333,18.404166666666665,8.358333333333333,77.08333333333333,0.32375000000000004,0.25,1.8520833333333335,118.20833333333333,74.25
2023-12-24,42.06666666666667,27.15416666666667,375.25,11.6875,6.612500000000001,81.66666666666667,0.22458333333333333,0.25,1.8562500000000002,103.04166666666667,69.16666666666667
2023-12-25,26.59583333333333,17.1875,317.7083333333333,11.270833333333334,4.625,69.875,0.19875,0.25,1.6312499999999999,67.41666666666667,44.0
2023-12-26,28.3125,18.558333333333334,329.5,13.029166666666667,5.2875000000000005,72.33333333333333,0.15416666666666667,0.375,2.1125000000000003,62.958333333333336,37.416666666666664
2023-12-27,26.058333333333334,16.983333333333334,310.4166666666667,12.299999999999999,5.229166666666667,68.125,0.12458333333333334,0.5,2.035416666666667,62.333333333333336,36.083333333333336
2023-12-28,25.90416666666667,16.650000000000002,329.0833333333333,11.341666666666667,4.479166666666667,71.45833333333333,0.17125,0.6666666666666666,1.6500000000000001,60.208333333333336,34.708333333333336
2023-12-29,23.566666666666666,15.020833333333334,309.6666666666667,11.450000000000001,4.925,63.25,0.18541666666666667,0.375,1.0666666666666667,57.833333333333336,31.875
2023-12-30,24.045833333333334,15.512500000000001,324.4583333333333,11.841666666666667,4.7625,64.79166666666667,0.18416666666666667,0.7083333333333334,1.8875000000000002,55.875,31.875
2023-12-31,34.85,22.770833333333332,357.9166666666667,12.833333333333334,5.583333333333333,73.54166666666667,0.2504166666666667,0.9583333333333334,1.8979166666666665,65.91666666666667,41.375
2024-01-01,43.90416666666667,28.804166666666664,380.625,12.9625,6.591666666666666,81.33333333333333,0.32916666666666666,0.75,1.9229166666666666,79.04166666666667,58.833333333333336
2024-01-02,52.82916666666667,34.02916666666667,407.5416666666667,13.375,7.308333333333334,81.25,0.44875,0.7083333333333334,1.6666666666666667,92.375,65.66666666666667
2024-01-03,56.70416666666667,36.03333333333333,439.4583333333333,15.145833333333334,6.75,78.95833333333333,0.5433333333333333,0.375,0.6124999999999999,98.41666666666667,67.70833333333333
2024-01-04,36.949999999999996,24.166666666666668,405.7916666666667,17.020833333333332,8.104166666666666,67.08333333333333,0.44625000000000004,0.16666666666666666,0.6979166666666666,89.83333333333333,64.625
2024-01-05,22.679166666666664,15.341666666666667,390.4166666666667,15.895833333333334,7.054166666666667,64.58333333333333,0.32708333333333334,0.0,0.9479166666666666,60.708333333333336,36.541666666666664
2024-01-06,28.545833333333334,18.629166666666666,344.9166666666667,12.816666666666668,5.5249999999999995,71.20833333333333,0.41291666666666665,0.041666666666666664,1.2875,65.16666666666667,39.083333333333336
2024-01-07,19.883333333333333,12.9,264.3333333333333,9.795833333333333,4.358333333333333,68.875,0.27416666666666667,0.25,1.4916666666666665,55.625,31.125
2024-01-08,11.208333333333334,7.6625000000000005,315.0833333333333,14.299999999999999,5.458333333333333,52.791666666666664,0.11625,0.0,0.2875,47.125,24.041666666666668
2024-01-09,28.0625,18.116666666666667,331.25,8.775,5.129166666666666,74.875,0.30291666666666667,0.0,1.5604166666666666,46.5,30.166666666666668
2024-01-10,36.541666666666664,23.941666666666666,367.625,11.841666666666667,6.05,78.79166666666667,0.24166666666666667,0.0,1.2916666666666667,70.45833333333333,47.0
2024-01-11,36.6375,24.108333333333334,382.7083333333333,13.137500000000001,7.716666666666666,82.20833333333333,0.18875,0.0,2.1999999999999997,76.25,57.5
2024-01-12,41.13333333333333,27.05,384.7083333333333,12.0625,6.825,86.0,0.24083333333333334,0.125,2.05625,75.95833333333333,56.041666666666664
2024-01-13,60.354166666666664,39.94583333333333,539.0,20.008333333333333,7.258333333333333,77.375,0.43875,0.0,1.5458333333333334,97.95833333333333,67.45833333333333
2024-01-14,70.49583333333334,47.012499999999996,599.4166666666666,22.141666666666666,9.045833333333333,84.91666666666667,0.49583333333333335,0.0,1.7937500000000002,119.0,74.5
2024-01-15,70.98333333333333,47.37916666666666,627.875,25.620833333333334,12.308333333333332,87.79166666666667,0.4691666666666667,0.0,1.9229166666666666,132.16666666666666,78.66666666666667
2024-01-16,65.62083333333334,43.8125,578.9166666666666,24.045833333333334,10.75,99.08333333333333,0.5437500000000001,0.0,1.9020833333333333,119.75,74.66666666666667
2024-01-17,56.88333333333333,37.791666666666664,523.0416666666666,23.454166666666666,8.879166666666666,99.91666666666667,0.49041666666666667,0.0,1.9583333333333333,115.375,73.20833333333333
2024-01-18,42.5875,28.84166666666667,473.375,22.741666666666664,10.612499999999999,88.33333333333333,0.38375,0.0,1.95625,95.29166666666667,66.375
2024-01-19,36.59583333333333,24.545833333333334,375.9166666666667,14.379166666666668,9.008333333333333,89.20833333333333,0.3854166666666667,0.0,1.9979166666666668,82.5,61.416666666666664
2024-01-20,45.07916666666667,30.1875,430.1666666666667,18.941666666666666,8.504166666666666,83.5,0.44375000000000003,0.0,1.8708333333333333,83.16666666666667,62.041666666666664
2024-01-21,37.30416666666667,24.691666666666666,397.9166666666667,16.979166666666668,8.345833333333333,87.33333333333333,0.3429166666666667,0.0,2.089583333333333,84.08333333333333,62.333333333333336
2024-01-22,33.78333333333333,22.462500000000002,411.5416666666667,18.679166666666667,6.5375000000000005,86.08333333333333,0.32458333333333333,0.0,1.9645833333333333,74.875,54.916666666666664
2024-01-23,35.4375,23.55,467.125,22.020833333333332,6.75,83.45833333333333,0.30125,1.0,2.122916666666667,73.79166666666667,52.458333333333336
2024-01-24,48.40833333333333,32.329166666666666,544.9166666666666,23.65416666666667,12.479166666666666,91.33333333333333,0.4375,0.5833333333333334,1.9083333333333332,85.54166666666667,61.25
2024-01-25,39.237500000000004,25.724999999999998,362.9583333333333,13.891666666666666,12.0625,94.70833333333333,0.48625,0.625,1.5999999999999999,93.20833333333333,65.83333333333333
2024-01-26,30.3125,19.954166666666666,347.1666666666667,12.891666666666666,5.008333333333334,81.16666666666667,0.22958333333333333,1.4166666666666667,2.125,71.83333333333333,50.416666666666664
2024-01-27,33.0,21.474999999999998,342.0416666666667,11.608333333333334,5.770833333333333,73.79166666666667,0.235,1.4583333333333333,1.9020833333333333,69.45833333333333,44.5
2024-01-28,34.141666666666666,22.295833333333334,340.8333333333333,11.3125,5.4875,78.625,0.28625,0.875,2.0104166666666665,70.41666666666667,46.958333333333336
2024-01-29,43.67083333333333,28.675,394.25,13.433333333333332,6.691666666666666,86.54166666666667,0.27625,0.9166666666666666,2.1458333333333335,80.75,59.416666666666664
2024-01-30,47.074999999999996,31.037499999999998,664.2083333333334,30.641666666666666,12.237499999999999,87.41666666666667,0.22125000000000003,1.5833333333333333,2.245833333333333,86.625,62.458333333333336
2024-01-31,42.525,28.34166666666667,614.5416666666666,26.84166666666667,11.775,84.375,0.30833333333333335,0.6666666666666666,2.1479166666666667,90.16666666666667,64.375
2024-02-01,46.42916666666667,31.40416666666667,763.4583333333334,34.475,12.366666666666667,79.41666666666667,0.32875,0.25,2.18125,92.33333333333333,64.33333333333333
2024-02-02,61.72083333333333,41.583333333333336,743.0416666666666,34.06666666666667,14.200000000000001,83.45833333333333,0.5558333333333333,0.16666666666666666,1.76875,100.79166666666667,67.91666666666667
2024-02-03,41.608333333333334,27.575,401.0416666666667,16.179166666666667,6.629166666666666,87.91666666666667,0.5083333333333333,0.4583333333333333,1.9854166666666666,107.625,70.79166666666667
2024-02-04,43.4125,28.349999999999998,349.7916666666667,12.154166666666667,8.133333333333333,93.70833333333333,0.29250000000000004,1.5,2.3020833333333335,85.375,62.833333333333336
2024-02-05,40.35,25.6125,357.25,13.516666666666666,9.3125,93.5,0.16583333333333333,4.75,2.4208333333333334,82.08333333333333,61.5
2024-02-06,45.65416666666667,25.083333333333332,376.8333333333333,14.8375,8.391666666666667,82.75,0.13333333333333333,25.875,2.50625,78.0,59.75
2024-02-07,41.8375,23.320833333333336,390.4166666666667,16.416666666666668,9.195833333333333,75.33333333333333,0.09791666666666667,22.416666666666668,2.56875,79.625,60.291666666666664
2024-02-08,33.083333333333336,20.466666666666665,393.0416666666667,16.14166666666667,8.583333333333334,86.5,0.10916666666666668,7.916666666666667,2.5854166666666667,68.29166666666667,46.375
2024-02-09,32.475,20.7,352.4166666666667,12.583333333333334,6.0125,91.16666666666667,0.14583333333333334,3.4583333333333335,2.6375,67.75,45.25
2024-02-10,43.979166666666664,27.7625,328.9166666666667,10.570833333333333,5.595833333333334,90.125,0.26375,4.791666666666667,2.404166666666667,74.33333333333333,53.125
2024-02-11,45.625,29.479166666666668,327.5,9.6875,5.116666666666666,92.875,0.28250000000000003,3.9583333333333335,2.402083333333333,88.375,64.0
2024-02-12,33.38333333333333,20.787499999999998,333.2083333333333,12.658333333333333,8.333333333333334,85.58333333333333,0.12916666666666668,5.875,2.6645833333333333,78.5,57.041666666666664
2024-02-13,26.291666666666668,16.675,298.4166666666667,10.799999999999999,5.808333333333334,85.83333333333333,0.14583333333333334,0.875,2.59375,62.375,38.958333333333336
2024-02-14,26.170833333333334,17.358333333333334,312.0,8.454166666666667,5.770833333333333,84.91666666666667,0.22541666666666668,0.3333333333333333,1.89375,61.0,37.958333333333336
2024-02-15,24.849999999999998,16.416666666666668,320.0833333333333,10.104166666666666,7.854166666666667,90.33333333333333,0.12375000000000001,0.8333333333333334,2.7083333333333335,58.875,39.25
2024-02-16,31.358333333333334,20.462500000000002,319.875,8.433333333333334,7.4750000000000005,92.29166666666667,0.17958333333333334,1.0416666666666667,2.6166666666666667,65.79166666666667,42.25
2024-02-17,26.454166666666666,17.133333333333333,293.75,10.075000000000001,7.9750000000000005,88.625,0.15583333333333335,0.4166666666666667,2.63125,63.125,40.916666666666664
2024-02-18,25.7625,17.058333333333334,342.5,14.808333333333332,7.029166666666666,89.16666666666667,0.16166666666666665,0.0,2.660416666666667,62.291666666666664,40.791666666666664
2024-02-19,23.858333333333334,15.737499999999999,335.0416666666667,14.612499999999999,5.195833333333334,84.0,0.19541666666666668,0.6666666666666666,2.5770833333333334,56.208333333333336,37.916666666666664
2024-02-20,36.704166666666666,24.275000000000002,430.125,20.287499999999998,11.337499999999999,85.54166666666667,0.2704166666666667,1.125,2.56875,71.70833333333333,47.916666666666664
2024-02-21,47.57083333333333,31.358333333333334,463.4166666666667,20.458333333333332,13.558333333333332,99.16666666666667,0.44375000000000003,0.9166666666666666,2.1020833333333333,90.75,62.583333333333336
2024-02-22,38.420833333333334,26.02916666666667,598.8333333333334,27.1375,12.75,89.95833333333333,0.33208333333333334,0.0,2.6104166666666666,97.45833333333333,64.91666666666667
2024-02-23,35.800000000000004,24.8125,790.5416666666666,40.15,12.708333333333334,77.83333333333333,0.27291666666666664,0.0,2.6875,85.66666666666667,59.583333333333336
2024-02-24,46.137499999999996,30.983333333333334,522.2916666666666,18.7625,11.0875,97.45833333333333,0.45166666666666666,0.4166666666666667,1.9854166666666666,94.75,64.125
2024-02-25,39.512499999999996,25.495833333333334,304.7916666666667,8.608333333333333,9.975,95.0,0.5020833333333333,0.8333333333333334,2.089583333333333,85.45833333333333,62.583333333333336
2024-02-26,22.791666666666668,14.4375,241.29166666666666,7.95,3.2291666666666665,69.5,0.2125,0.375,2.6354166666666665,64.79166666666667,41.166666666666664
2024-02-27,26.3125,17.058333333333334,259.8333333333333,8.666666666666666,5.620833333333334,69.91666666666667,0.20083333333333334,0.0,2.629166666666667,58.458333333333336,33.875
2024-02-28,18.9875,12.6,273.7083333333333,9.754166666666666,5.833333333333333,76.875,0.11125,0.125,2.8833333333333333,56.291666666666664,36.0
2024-02-29,24.375,16.25,301.9166666666667,11.820833333333333,7.666666666666667,76.83333333333333,0.09749999999999999,0.5416666666666666,2.985416666666667,54.791666666666664,34.0
2024-03-01,28.795833333333334,19.183333333333334,331.8333333333333,10.658333333333333,5.658333333333334,85.5,0.17,0.4166666666666667,2.875,62.875,39.875
2024-03-02,29.02916666666667,19.316666666666666,354.9583333333333,13.345833333333333,6.379166666666666,86.79166666666667,0.15875,1.625,2.875,64.95833333333333,43.625
2024-03-03,48.23333333333333,30.804166666666664,343.6666666666667,12.674999999999999,15.254166666666668,99.375,0.29375,4.375,2.7729166666666667,83.5,57.5
2024-03-04,38.479166666666664,23.97083333333333,357.9166666666667,14.191666666666668,7.9125000000000005,98.70833333333333,0.2725,7.625,2.88125,85.79166666666667,61.041666666666664
2024-03-05,34.0,21.6375,325.0416666666667,11.308333333333332,6.108333333333333,94.25,0.25375,5.083333333333333,2.96875,77.79166666666667,56.041666666666664
2024-03-06,44.2875,28.53333333333333,362.7083333333333,13.625,10.15,107.29166666666667,0.43916666666666665,3.2083333333333335,2.5166666666666666,88.375,56.541666666666664
2024-03-07,49.49166666666667,32.237500000000004,438.7083333333333,21.354166666666668,16.295833333333334,102.0,0.37958333333333333,2.3333333333333335,2.725,97.33333333333333,65.54166666666667
2024-03-08,44.708333333333336,29.849999999999998,509.25,24.316666666666666,14.870833333333332,96.58333333333333,0.41083333333333333,1.375,2.095833333333333,93.125,64.125
2024-03-09,43.1875,28.254166666666666,423.625,19.445833333333333,12.170833333333334,99.29166666666667,0.45708333333333334,2.25,2.5083333333333333,92.04166666666667,64.08333333333333
2024-03-10,51.987500000000004,33.083333333333336,327.9166666666667,10.341666666666667,13.7125,101.625,0.69875,2.75,1.835416666666667,90.625,64.79166666666667
2024-03-11,49.050000000000004,30.45,322.625,10.75,7.841666666666666,101.0,0.6133333333333334,4.208333333333333,2.1479166666666667,93.08333333333333,65.33333333333333
2024-03-12,56.47083333333333,34.737500000000004,386.4166666666667,14.9375,11.841666666666667,100.66666666666667,0.51375,6.541666666666667,2.44375,96.45833333333333,66.0
2024-03-13,65.28750000000001,40.275,506.5416666666667,22.666666666666668,13.733333333333334,106.0,0.6091666666666667,7.625,2.0083333333333333,107.5,69.29166666666667
2024-03-14,68.85000000000001,43.416666666666664,541.5416666666666,26.02916666666667,11.195833333333333,101.83333333333333,0.7754166666666666,4.75,1.79375,115.54166666666667,72.08333333333333
2024-03-15,59.612500000000004,37.32083333333333,445.875,16.6375,12.2125,104.25,0.7508333333333334,6.083333333333333,2.125,122.875,74.91666666666667
2024-03-16,38.50833333333333,24.704166666666666,330.7083333333333,9.895833333333334,10.091666666666667,107.58333333333333,0.57125,2.625,2.0520833333333335,93.08333333333333,64.91666666666667
2024-03-17,37.50833333333333,23.666666666666668,300.4583333333333,9.512500000000001,13.4,104.95833333333333,0.4283333333333333,2.5833333333333335,2.61875,81.04166666666667,57.041666666666664
2024-03-18,38.55833333333333,24.608333333333334,325.8333333333333,11.5875,13.683333333333332,106.45833333333333,0.41500000000000004,2.7083333333333335,2.4,86.54166666666667,59.75
2024-03-19,40.979166666666664,25.650000000000002,349.5833333333333,12.2125,13.191666666666668,104.83333333333333,0.4254166666666667,4.625,2.40625,82.08333333333333,59.25
2024-03-20,48.1,30.145833333333332,344.5416666666667,12.195833333333333,13.375,105.70833333333333,0.38166666666666665,4.0,2.814583333333333,91.79166666666667,63.333333333333336
2024-03-21,26.141666666666666,16.729166666666668,249.0,7.679166666666666,4.1375,74.54166666666667,0.36833333333333335,1.4583333333333333,2.6333333333333333,71.45833333333333,48.708333333333336
2024-03-22,34.49166666666667,22.004166666666666,299.5833333333333,10.116666666666667,5.691666666666666,91.5,0.39666666666666667,1.9583333333333333,2.5104166666666665,69.95833333333333,46.166666666666664
2024-03-23,27.883333333333336,17.633333333333333,295.125,9.200000000000001,5.133333333333334,96.95833333333333,0.23916666666666667,3.375,2.954166666666667,74.08333333333333,49.208333333333336
2024-03-24,29.145833333333332,18.087500000000002,294.1666666666667,9.279166666666667,8.116666666666667,100.25,0.21708333333333332,5.75,2.9145833333333333,68.33333333333333,44.5
2024-03-25,32.80833333333333,20.662499999999998,318.1666666666667,9.887500000000001,6.4624999999999995,105.16666666666667,0.32458333333333333,4.375,2.841666666666667,74.04166666666667,48.125
2024-03-26,28.866666666666664,18.116666666666667,304.7083333333333,9.554166666666667,5.941666666666666,103.33333333333333,0.3454166666666667,3.7083333333333335,2.9291666666666667,76.91666666666667,48.625
2024-03-27,19.195833333333333,12.375,293.3333333333333,11.391666666666666,5.8,88.5,0.17041666666666666,2.25,3.170833333333333,63.25,42.25
2024-03-28,26.925,17.191666666666666,328.75,13.216666666666667,10.754166666666668,86.16666666666667,0.19000000000000003,1.375,3.016666666666667,63.083333333333336,40.583333333333336
2024-03-29,31.616666666666664,19.833333333333332,317.875,10.216666666666667,9.766666666666667,95.83333333333333,0.3125,4.333333333333333,2.9145833333333333,68.91666666666667,44.583333333333336
2024-03-30,35.5,22.183333333333334,345.625,12.758333333333333,12.520833333333334,101.91666666666667,0.18541666666666667,4.708333333333333,3.0666666666666664,79.625,53.708333333333336
2024-03-31,31.166666666666668,19.991666666666667,343.25,14.049999999999999,14.066666666666668,96.08333333333333,0.14625000000000002,2.0416666666666665,3.05625,77.54166666666667,51.541666666666664
2024-04-01,32.625,21.370833333333334,383.0416666666667,18.645833333333332,13.424999999999999,93.70833333333333,0.19499999999999998,1.3333333333333333,3.0083333333333333,77.66666666666667,47.75
2024-04-02,27.224999999999998,17.75,289.0,10.904166666666667,11.858333333333334,96.08333333333333,0.20125,0.6666666666666666,2.9812499999999997,79.08333333333333,51.291666666666664
2024-04-03,30.008333333333336,19.570833333333333,307.4583333333333,11.654166666666667,10.862499999999999,93.83333333333333,0.21083333333333334,0.7916666666666666,2.860416666666667,70.33333333333333,45.333333333333336
2024-04-04,22.96666666666667,15.395833333333334,287.2916666666667,11.049999999999999,10.183333333333334,95.375,0.15458333333333332,0.2916666666666667,3.1666666666666665,66.95833333333333,44.041666666666664
2024-04-05,27.070833333333336,17.8125,306.9166666666667,11.920833333333334,9.254166666666666,99.29166666666667,0.17,1.7083333333333333,2.9583333333333335,65.0,43.541666666666664
2024-04-06,34.5875,22.558333333333334,331.0,11.970833333333333,10.958333333333334,102.25,0.3095833333333333,2.1666666666666665,2.7229166666666664,75.16666666666667,49.291666666666664
2024-04-07,33.583333333333336,21.974999999999998,348.9166666666667,13.8375,10.329166666666667,104.45833333333333,0.30583333333333335,2.4166666666666665,2.8833333333333333,81.375,53.916666666666664
2024-04-08,26.337500000000002,17.745833333333334,321.5,11.2875,8.8375,107.5,0.19291666666666665,0.7083333333333334,2.970833333333333,84.16666666666667,51.75
2024-04-09,34.7125,21.7375,272.5833333333333,7.920833333333333,8.004166666666666,91.375,0.20958333333333334,2.0416666666666665,3.0625,65.58333333333333,44.583333333333336
2024-04-10,40.40833333333333,24.820833333333336,274.125,8.012500000000001,4.370833333333334,82.66666666666667,0.19875,2.6666666666666665,3.1,77.70833333333333,57.708333333333336
2024-04-11,26.316666666666666,16.841666666666665,239.08333333333334,8.370833333333334,4.8374999999999995,73.5,0.16458333333333333,0.4166666666666667,3.125,68.20833333333333,44.916666666666664
2024-04-12,23.425,15.012500000000001,240.54166666666666,7.191666666666666,3.891666666666667,67.875,0.2725,0.08333333333333333,2.5833333333333335,55.833333333333336,33.125
2024-04-13,29.183333333333334,18.454166666666666,260.25,7.7875000000000005,5.583333333333333,75.25,0.3175,0.9166666666666666,2.31875,60.0,37.0
2024-04-14,26.5125,17.287499999999998,313.625,8.375,4.4624999999999995,91.625,0.24416666666666667,0.4166666666666667,2.9562500000000003,64.66666666666667,43.291666666666664
2024-04-15,19.4875,12.65,258.4583333333333,8.079166666666667,3.4916666666666667,81.5,0.13875,0.5,3.141666666666667,56.625,37.5
2024-04-16,22.2375,14.604166666666666,299.6666666666667,10.3125,6.2,83.29166666666667,0.15416666666666667,0.5416666666666666,3.11875,56.666666666666664,38.0
2024-04-17,42.170833333333334,26.945833333333336,329.625,11.341666666666667,12.154166666666667,104.83333333333333,0.42208333333333337,3.2916666666666665,2.652083333333333,78.0,50.791666666666664
2024-04-18,45.80416666666667,28.4375,359.0,12.395833333333334,7.854166666666667,102.0,0.6404166666666666,7.625,2.3833333333333333,92.25,63.25
2024-04-19,43.93333333333334,26.804166666666664,380.0,13.216666666666667,7.8875,104.70833333333333,0.5504166666666667,10.291666666666666,2.433333333333333,95.79166666666667,63.75
2024-04-20,45.72083333333333,28.587500000000002,476.875,22.233333333333334,10.233333333333333,93.04166666666667,0.4166666666666667,8.041666666666666,2.1,91.41666666666667,63.0
2024-04-21,48.958333333333336,30.71666666666667,470.625,23.016666666666666,11.945833333333333,91.83333333333333,0.3095833333333333,6.833333333333333,2.8333333333333335,99.54166666666667,66.33333333333333
2024-04-22,32.86666666666667,19.745833333333334,307.7916666666667,12.616666666666667,9.558333333333334,100.875,0.21,10.666666666666666,3.0708333333333333,84.45833333333333,56.458333333333336
2024-04-23,30.041666666666668,18.354166666666668,300.125,11.458333333333334,9.841666666666667,104.41666666666667,0.1758333333333333,7.75,3.079166666666667,77.75,48.041666666666664
2024-04-24,31.433333333333334,19.325,284.9166666666667,10.229166666666666,12.487499999999999,102.16666666666667,0.21916666666666665,7.208333333333333,3.0520833333333335,68.45833333333333,45.5
2024-04-25,37.454166666666666,23.166666666666668,311.875,10.495833333333334,12.445833333333333,105.83333333333333,0.38375000000000004,5.541666666666667,2.80625,73.54166666666667,49.333333333333336
2024-04-26,32.800000000000004,21.045833333333334,321.75,11.8125,13.729166666666666,101.79166666666667,0.33416666666666667,2.0416666666666665,2.8354166666666667,78.33333333333333,55.75
2024-04-27,24.616666666666664,16.608333333333334,319.5,13.170833333333334,17.929166666666667,98.25,0.31124999999999997,0.4166666666666667,2.8479166666666664,68.91666666666667,45.416666666666664
2024-04-28,23.291666666666668,15.783333333333333,306.25,11.583333333333334,12.791666666666666,101.625,0.17250000000000001,0.25,3.0875,70.25,44.625
2024-04-29,31.704166666666666,21.279166666666665,319.3333333333333,14.512500000000001,17.658333333333335,98.20833333333333,0.25166666666666665,0.16666666666666666,2.85,77.25,48.541666666666664
2024-04-30,22.583333333333332,15.25,291.3333333333333,11.970833333333333,11.895833333333334,98.33333333333333,0.18041666666666667,0.16666666666666666,2.9416666666666664,74.70833333333333,46.041666666666664
2024-05-01,40.295833333333334,27.320833333333336,551.7916666666666,27.754166666666666,9.8125,92.0,0.3070833333333333,0.75,2.4895833333333335,76.75,48.791666666666664
2024-05-02,47.25,31.479166666666668,498.5833333333333,25.59583333333333,8.450000000000001,96.75,0.5020833333333333,1.8333333333333333,2.1666666666666665,100.375,65.25
2024-05-03,52.98333333333333,35.641666666666666,406.2083333333333,15.679166666666667,9.154166666666667,115.66666666666667,0.7420833333333333,1.3333333333333333,1.7249999999999999,109.66666666666667,67.125
2024-05-04,46.975,32.262499999999996,379.75,14.5375,8.375,112.95833333333333,0.55875,1.0,1.95,112.75,70.375
2024-05-05,26.141666666666666,17.779166666666665,306.3333333333333,12.845833333333333,6.754166666666666,105.08333333333333,0.31958333333333333,3.75,2.8208333333333333,90.29166666666667,58.25
2024-05-06,34.0,22.474999999999998,377.4583333333333,16.875,8.208333333333334,110.45833333333333,0.41375,4.166666666666667,2.433333333333333,88.79166666666667,49.583333333333336
2024-05-07,38.4125,25.3875,414.9166666666667,18.704166666666666,8.3125,107.875,0.5145833333333333,3.625,2.1374999999999997,94.33333333333333,61.5
2024-05-08,42.8125,28.745833333333334,397.4166666666667,17.054166666666667,8.9125,116.20833333333333,0.6020833333333333,2.6666666666666665,2.0833333333333335,101.08333333333333,63.541666666666664
2024-05-09,50.11666666666667,33.208333333333336,592.0416666666666,31.55416666666667,13.291666666666666,104.66666666666667,0.5170833333333333,3.8333333333333335,2.1770833333333335,103.5,64.875
2024-05-10,50.48333333333333,33.175000000000004,463.6666666666667,22.6875,12.674999999999999,100.08333333333333,0.6029166666666667,2.7916666666666665,2.1729166666666666,104.33333333333333,67.70833333333333
2024-05-11,39.725,26.724999999999998,407.0,18.5125,9.833333333333334,82.95833333333333,0.38999999999999996,1.7916666666666667,2.3854166666666665,93.04166666666667,65.79166666666667
2024-05-12,39.020833333333336,26.770833333333332,501.0,27.945833333333336,14.737499999999999,80.95833333333333,0.4345833333333333,0.7083333333333334,1.6187500000000001,80.0,59.25
2024-05-13,31.516666666666666,21.224999999999998,332.1666666666667,14.916666666666666,10.225,86.25,0.5025000000000001,1.4583333333333333,1.7104166666666665,76.04166666666667,56.375
2024-05-14,40.19166666666667,25.675,364.9166666666667,17.195833333333333,9.933333333333334,91.58333333333333,0.5520833333333334,6.541666666666667,2.48125,76.29166666666667,52.666666666666664
2024-05-15,49.479166666666664,30.458333333333332,387.8333333333333,17.025,9.620833333333334,94.33333333333333,0.49374999999999997,11.916666666666666,2.404166666666667,92.29166666666667,64.375
2024-05-16,38.766666666666666,24.22083333333333,339.9166666666667,15.491666666666667,9.554166666666667,76.83333333333333,0.39875,8.708333333333334,1.7354166666666666,82.25,61.708333333333336
2024-05-17,27.633333333333336,18.891666666666666,389.25,19.004166666666666,8.216666666666667,76.20833333333333,0.46208333333333335,1.4166666666666667,1.45625,71.41666666666667,49.083333333333336
2024-05-18,28.587500000000002,19.883333333333333,375.5416666666667,17.779166666666665,9.233333333333333,84.25,0.43083333333333335,0.2916666666666667,1.695833333333333,72.08333333333333,47.083333333333336
2024-05-19,35.59166666666667,24.766666666666666,442.0416666666667,23.962500000000002,9.091666666666667,78.66666666666667,0.4695833333333333,0.0,1.5166666666666666,70.66666666666667,46.416666666666664
2024-05-20,36.07083333333333,24.95,668.125,29.883333333333336,15.033333333333333,42.625,0.22541666666666668,0.0,0.7354166666666666,78.29166666666667,59.0
2024-05-21,31.1875,21.724999999999998,636.1666666666666,33.45,13.120833333333332,33.291666666666664,0.18625,0.0,1.13125,80.58333333333333,60.708333333333336
2024-05-22,20.616666666666667,14.1875,411.5,24.849999999999998,9.820833333333333,34.833333333333336,0.17625000000000002,0.25,1.3041666666666667,61.583333333333336,35.0
2024-05-23,39.145833333333336,24.71666666666667,526.625,30.599999999999998,9.575000000000001,56.958333333333336,0.33499999999999996,9.333333333333334,1.9000000000000001,64.0,43.083333333333336
2024-05-24,41.47083333333333,26.729166666666668,458.25,23.945833333333336,9.549999999999999,71.58333333333333,0.56375,8.083333333333334,0.7312500000000001,77.70833333333333,58.25
2024-05-25,35.045833333333334,20.370833333333334,287.125,12.608333333333334,4.3374999999999995,71.54166666666667,0.8408333333333333,16.25,0.8312499999999999,78.04166666666667,57.958333333333336
2024-05-26,36.49583333333333,20.904166666666665,228.95833333333334,9.65,3.8541666666666665,77.29166666666667,0.7125,17.458333333333332,1.7874999999999999,68.95833333333333,44.833333333333336
2024-05-27,35.520833333333336,17.808333333333334,213.95833333333334,9.429166666666667,3.3874999999999997,74.75,0.6179166666666667,27.666666666666668,2.225,61.375,39.916666666666664
2024-05-28,33.2125,16.925,206.83333333333334,8.575000000000001,3.466666666666667,74.375,0.44125,25.75,2.50625,66.20833333333333,41.041666666666664
2024-05-29,23.583333333333332,12.174999999999999,245.08333333333334,12.020833333333334,3.9291666666666667,63.375,0.37916666666666665,17.666666666666668,2.5395833333333333,50.208333333333336,31.416666666666668
2024-05-30,34.72083333333333,17.966666666666665,269.0,13.691666666666668,4.9875,64.0,0.41875,25.916666666666668,2.55625,56.541666666666664,34.166666666666664
2024-05-31,29.616666666666664,16.275000000000002,231.20833333333334,11.091666666666667,4.5125,68.45833333333333,0.35874999999999996,18.583333333333332,2.5541666666666667,61.083333333333336,38.458333333333336
2024-06-01,33.84166666666667,19.533333333333335,276.375,12.929166666666667,5.7875000000000005,75.16666666666667,0.505,17.625,2.035416666666667,62.166666666666664,40.916666666666664
2024-06-02,37.43333333333333,22.787499999999998,342.2083333333333,16.587500000000002,6.941666666666666,77.29166666666667,0.6729166666666666,14.208333333333334,1.7166666666666668,69.95833333333333,48.083333333333336
2024-06-03,35.4375,23.008333333333336,406.3333333333333,22.337500000000002,8.079166666666667,61.625,0.7225,8.125,1.08125,73.58333333333333,52.541666666666664
2024-06-04,29.962500000000002,19.979166666666668,361.5416666666667,19.429166666666667,7.895833333333333,61.458333333333336,0.4383333333333333,5.708333333333333,1.8104166666666668,72.75,50.958333333333336
2024-06-05,23.3,15.549999999999999,300.1666666666667,16.170833333333334,6.220833333333334,60.708333333333336,0.34791666666666665,4.333333333333333,2.064583333333333,62.958333333333336,37.25
2024-06-06,16.791666666666668,11.483333333333334,272.5833333333333,14.858333333333334,5.8125,53.0,0.33875000000000005,1.7916666666666667,1.675,50.833333333333336,27.875
2024-06-07,13.404166666666667,9.316666666666666,265.7083333333333,13.845833333333333,6.320833333333333,53.416666666666664,0.14041666666666666,0.625,2.285416666666667,47.583333333333336,26.875
2024-06-08,7.433333333333334,5.0249999999999995,197.58333333333334,8.654166666666667,4.020833333333333,50.125,0.165,0.9166666666666666,2.0770833333333334,31.333333333333332,21.208333333333332
2024-06-09,8.258333333333333,4.870833333333333,183.54166666666666,7.595833333333334,3.3125,46.875,0.12833333333333333,3.9166666666666665,1.8708333333333333,22.708333333333332,18.708333333333332
2024-06-10,8.875,5.066666666666666,166.20833333333334,7.395833333333333,2.970833333333333,48.041666666666664,0.14208333333333334,5.208333333333333,2.0749999999999997,23.791666666666668,19.25
2024-06-11,7.433333333333334,4.916666666666667,184.25,8.525,3.1875,42.916666666666664,0.1025,1.2083333333333333,1.5791666666666666,22.166666666666668,17.208333333333332
2024-06-12,6.05,4.095833333333333,191.29166666666666,9.525,3.2416666666666667,40.875,0.11375,0.5416666666666666,1.3708333333333333,21.166666666666668,16.333333333333332
2024-06-13,7.391666666666667,4.970833333333333,202.625,9.804166666666667,3.475,45.791666666666664,0.11083333333333334,0.8333333333333334,1.5770833333333334,21.875,18.333333333333332
2024-06-14,18.970833333333335,8.637500000000001,229.29166666666666,11.8375,3.975,47.5,0.18583333333333332,18.416666666666668,2.11875,26.458333333333332,19.958333333333332
2024-06-15,25.15833333333333,12.233333333333334,231.16666666666666,11.512500000000001,3.858333333333333,51.166666666666664,0.22166666666666668,22.166666666666668,2.1729166666666666,44.625,24.958333333333332
2024-06-16,19.183333333333334,10.970833333333333,232.375,12.320833333333333,4.533333333333333,46.375,0.1991666666666667,10.25,2.30625,49.5,25.291666666666668
2024-06-17,15.433333333333332,9.679166666666667,225.41666666666666,11.625,4.766666666666667,51.875,0.17208333333333334,4.291666666666667,2.3583333333333334,42.458333333333336,25.0
2024-06-18,13.6625,8.958333333333334,231.79166666666666,12.4625,4.054166666666666,46.666666666666664,0.19875,3.1666666666666665,1.4958333333333333,39.125,21.416666666666668
2024-06-19,14.2875,8.2875,224.04166666666666,11.795833333333334,4.1125,40.833333333333336,0.25,7.708333333333333,1.5291666666666668,35.875,19.416666666666668
2024-06-20,13.387500000000001,6.5125,189.08333333333334,7.929166666666667,3.3249999999999997,49.791666666666664,0.2604166666666667,11.583333333333334,2.2020833333333334,31.333333333333332,20.791666666666668
2024-06-21,17.675,7.691666666666666,171.79166666666666,7.895833333333333,3.1750000000000003,46.833333333333336,0.27791666666666665,18.375,1.6083333333333334,31.25,19.75
2024-06-22,15.429166666666667,6.858333333333333,188.0,9.125,3.470833333333333,43.583333333333336,0.3145833333333333,16.833333333333332,1.7625,28.5,19.25
2024-06-23,7.541666666666667,5.0249999999999995,178.83333333333334,7.945833333333333,3.4458333333333333,45.583333333333336,0.13333333333333333,1.875,1.8187499999999999,27.583333333333332,18.791666666666668
2024-06-24,5.854166666666667,3.8125,170.375,8.1625,3.4166666666666665,47.125,0.09666666666666666,1.4166666666666667,1.3104166666666666,22.125,18.833333333333332
2024-06-25,4.104166666666667,2.7416666666666667,163.29166666666666,7.2250000000000005,2.9499999999999997,42.625,0.11625,0.5833333333333334,1.91875,20.125,17.166666666666668
2024-06-26,4.2250000000000005,2.841666666666667,168.5,7.8125,3.0,42.25,0.09291666666666666,0.4583333333333333,1.28125,19.416666666666668,16.958333333333332
2024-06-27,3.6208333333333336,2.5,167.70833333333334,8.533333333333333,3.025,37.166666666666664,0.07583333333333334,0.08333333333333333,0.6875,17.833333333333332,14.916666666666666
2024-06-28,10.179166666666667,5.108333333333333,175.75,8.004166666666666,3.1750000000000003,44.916666666666664,0.15875,7.875,2.19375,20.208333333333332,17.958333333333332
2024-06-29,11.166666666666666,6.1499999999999995,189.625,9.275,3.641666666666667,44.291666666666664,0.15833333333333335,6.041666666666667,2.00625,25.166666666666668,17.75
2024-06-30,12.137500000000001,6.454166666666667,199.29166666666666,10.966666666666667,4.020833333333333,39.375,0.19166666666666665,8.458333333333334,1.7562499999999999,25.375,16.458333333333332
2024-07-01,7.583333333333333,4.595833333333333,177.75,9.55,3.7416666666666667,37.791666666666664,0.18708333333333335,3.0416666666666665,1.6645833333333335,25.208333333333332,15.416666666666666
2024-07-02,10.308333333333334,4.970833333333333,176.95833333333334,8.995833333333334,3.2583333333333333,35.0,0.26916666666666667,8.166666666666666,1.6312499999999999,19.583333333333332,14.083333333333334
2024-07-03,9.745833333333334,5.433333333333334,181.45833333333334,9.216666666666667,3.3541666666666665,36.166666666666664,0.21666666666666667,5.166666666666667,2.0104166666666665,22.416666666666668,14.833333333333334
2024-07-04,14.491666666666667,7.529166666666666,210.41666666666666,12.4375,4.125,31.041666666666668,0.19416666666666668,10.75,0.8624999999999999,24.875,14.0
2024-07-05,13.7125,7.154166666666666,185.33333333333334,9.479166666666666,3.8249999999999997,36.0,0.235,9.791666666666666,1.7687499999999998,32.125,17.291666666666668
2024-07-06,12.924999999999999,6.108333333333333,163.16666666666666,7.979166666666667,3.2916666666666665,38.916666666666664,0.3970833333333333,11.75,1.4604166666666665,27.958333333333332,16.5
2024-07-07,10.720833333333333,5.829166666666667,175.5,9.2625,3.4916666666666667,37.375,0.3345833333333333,7.125,1.225,24.416666666666668,15.583333333333334
2024-07-08,7.283333333333334,4.758333333333334,196.95833333333334,10.625,3.8083333333333336,38.0,0.18541666666666667,2.2083333333333335,1.1729166666666666,23.666666666666668,15.416666666666666
2024-07-09,9.670833333333333,6.6375,205.29166666666666,10.987499999999999,4.008333333333334,43.083333333333336,0.11375,2.2916666666666665,1.8499999999999999,21.958333333333332,17.666666666666668
2024-07-10,13.829166666666666,8.083333333333334,199.25,9.424999999999999,3.9916666666666667,49.166666666666664,0.18083333333333332,8.041666666666666,2.3958333333333335,33.416666666666664,20.333333333333332
2024-07-11,12.4625,7.908333333333334,214.79166666666666,11.399999999999999,3.6958333333333333,44.625,0.1525,4.541666666666667,1.9104166666666667,30.375,18.333333333333332
2024-07-12,11.237499999999999,6.445833333333333,193.41666666666666,10.012500000000001,3.579166666666667,37.083333333333336,0.20541666666666666,7.0,1.2458333333333333,33.708333333333336,17.25
2024-07-13,7.504166666666666,4.441666666666666,173.83333333333334,8.35,2.9333333333333336,34.625,0.15666666666666668,3.25,1.3270833333333334,22.25,14.208333333333334
2024-07-14,5.1000000000000005,3.3000000000000003,184.625,9.829166666666667,3.1333333333333333,30.083333333333332,0.14291666666666666,1.25,0.8479166666666668,17.625,12.083333333333334
2024-07-15,3.358333333333333,2.2708333333333335,162.125,7.858333333333333,2.954166666666667,32.625,0.07625,0.25,1.2354166666666666,14.833333333333334,13.0
2024-07-16,3.6041666666666665,2.4250000000000003,151.95833333333334,6.670833333333333,2.5458333333333334,40.333333333333336,0.0825,0.625,1.3729166666666666,18.5,16.125
2024-07-17,4.058333333333334,2.6875,158.83333333333334,7.1000000000000005,2.6833333333333336,40.125,0.11666666666666668,0.6666666666666666,1.8624999999999998,18.5,16.041666666666668
2024-07-18,2.954166666666667,2.033333333333333,154.91666666666666,7.295833333333333,2.370833333333333,39.75,0.0825,0.0,1.2645833333333334,18.25,16.0
2024-07-19,3.4166666666666665,2.3583333333333334,163.0,8.0375,2.6916666666666664,38.75,0.09416666666666668,0.08333333333333333,0.6583333333333333,17.958333333333332,15.541666666666666
2024-07-20,6.091666666666666,3.7125,172.75,8.241666666666667,2.6,40.416666666666664,0.19416666666666668,2.25,0.9208333333333334,18.916666666666668,16.083333333333332
2024-07-21,7.954166666666667,4.3875,155.20833333333334,6.629166666666666,2.475,41.541666666666664,0.2325,5.0,1.66875,18.958333333333332,16.625
2024-07-22,11.370833333333332,5.633333333333333,153.5,6.154166666666668,2.2708333333333335,46.375,0.21166666666666667,9.166666666666666,1.8520833333333335,22.916666666666668,18.541666666666668
2024-07-23,7.041666666666667,4.241666666666666,161.66666666666666,6.754166666666666,2.5416666666666665,39.166666666666664,0.15041666666666667,2.625,1.9916666666666665,22.208333333333332,15.75
2024-07-24,6.391666666666667,3.7624999999999997,164.0,7.170833333333333,2.6875,37.083333333333336,0.16666666666666666,3.1666666666666665,1.85625,18.375,14.916666666666666
2024-07-25,4.108333333333333,2.5541666666666667,149.83333333333334,6.129166666666666,2.4,35.416666666666664,0.13416666666666668,0.9583333333333334,2.225,16.958333333333332,14.125
2024-07-26,4.820833333333334,2.7708333333333335,139.41666666666666,5.866666666666667,2.2083333333333335,36.416666666666664,0.1825,3.125,1.8229166666666667,16.666666666666668,14.625
2024-07-27,17.879166666666666,6.795833333333333,142.79166666666666,5.770833333333333,2.2291666666666665,39.833333333333336,0.24916666666666665,17.125,1.8875,18.625,16.5
2024-07-28,16.158333333333335,7.566666666666666,145.91666666666666,6.1375,2.5375,36.958333333333336,0.47458333333333336,15.875,1.0291666666666666,36.791666666666664,21.708333333333332
2024-07-29,7.454166666666667,3.970833333333333,162.79166666666666,6.991666666666667,2.7875,40.333333333333336,0.25833333333333336,5.958333333333333,2.0541666666666667,23.666666666666668,16.416666666666668
2024-07-30,5.6000000000000005,3.716666666666667,210.0,10.9125,3.704166666666667,31.208333333333332,0.15541666666666668,1.25,0.7270833333333333,16.666666666666668,12.375
2024-07-31,6.325,4.2250000000000005,200.08333333333334,10.295833333333333,3.3708333333333336,33.958333333333336,0.14791666666666667,1.3333333333333333,1.5395833333333335,17.041666666666668,13.791666666666666
2024-08-01,6.529166666666666,4.370833333333334,201.08333333333334,10.433333333333334,3.475,33.208333333333336,0.14416666666666667,1.2083333333333333,1.9729166666666667,18.833333333333332,13.541666666666666
2024-08-02,8.479166666666666,5.1625000000000005,189.75,9.541666666666666,3.2708333333333335,37.958333333333336,0.1925,3.375,1.8541666666666667,20.833333333333332,15.25
2024-08-03,10.216666666666667,6.245833333333334,205.66666666666666,12.445833333333333,3.9125,30.291666666666668,0.26333333333333336,4.083333333333333,1.3583333333333334,22.666666666666668,13.625
2024-08-04,11.275,6.829166666666667,214.08333333333334,12.066666666666668,4.2,35.541666666666664,0.17958333333333332,5.083333333333333,2.25,28.5,16.875
2024-08-05,19.308333333333334,10.0375,235.66666666666666,13.200000000000001,4.708333333333333,34.458333333333336,0.2708333333333333,13.75,1.7395833333333333,32.583333333333336,17.916666666666668
2024-08-06,16.558333333333334,10.604166666666666,289.0833333333333,17.5,5.5625,31.833333333333332,0.17500000000000002,5.083333333333333,1.0479166666666666,43.958333333333336,21.541666666666668
2024-08-07,14.295833333333334,9.566666666666666,295.4583333333333,17.8875,5.4750000000000005,28.75,0.1675,2.75,1.5145833333333334,45.5,22.416666666666668
2024-08-08,15.075000000000001,8.9125,232.91666666666666,12.462499999999999,4.108333333333333,36.458333333333336,0.18041666666666667,8.708333333333334,2.06875,35.583333333333336,19.041666666666668
2024-08-09,19.083333333333332,9.549999999999999,272.125,14.208333333333334,4.708333333333333,38.166666666666664,0.19041666666666668,16.333333333333332,2.21875,35.666666666666664,20.333333333333332
2024-08-10,14.604166666666666,9.308333333333334,320.0833333333333,18.670833333333334,5.916666666666667,30.0,0.15625,4.833333333333333,1.16875,40.625,20.333333333333332
2024-08-11,26.691666666666666,13.066666666666668,334.3333333333333,18.145833333333332,5.995833333333334,36.166666666666664,0.2520833333333333,25.0,2.3645833333333335,44.916666666666664,23.25
2024-08-12,25.316666666666666,14.441666666666668,357.125,21.554166666666664,6.895833333333333,41.916666666666664,0.27416666666666667,14.791666666666666,2.2979166666666666,54.875,30.458333333333332
2024-08-13,29.254166666666666,18.520833333333332,417.8333333333333,23.625,7.991666666666667,55.125,0.3433333333333333,8.541666666666666,2.1,57.166666666666664,35.75
2024-08-14,39.06666666666667,25.462500000000002,495.2916666666667,24.78333333333333,9.791666666666666,52.583333333333336,0.3804166666666667,6.791666666666667,2.36875,76.83333333333333,55.125
2024-08-15,28.570833333333336,19.712500000000002,463.3333333333333,22.808333333333334,11.15,56.75,0.28833333333333333,0.041666666666666664,2.1395833333333334,62.791666666666664,40.458333333333336
2024-08-16,49.28333333333333,34.166666666666664,674.0833333333334,34.2625,13.625,52.333333333333336,0.545,0.25,1.4104166666666667,92.58333333333333,64.0
2024-08-17,32.1625,22.4375,527.3333333333334,25.0625,9.629166666666666,67.625,0.32125,0.0,2.44375,85.41666666666667,62.25
2024-08-18,29.683333333333334,20.204166666666666,463.2916666666667,25.316666666666666,8.729166666666666,53.125,0.27499999999999997,0.875,2.5708333333333333,63.25,40.458333333333336
2024-08-19,33.59166666666667,23.05,475.0,25.166666666666668,8.895833333333334,48.458333333333336,0.41291666666666665,0.75,1.2625,76.16666666666667,55.75
2024-08-20,19.604166666666668,13.466666666666667,297.5833333333333,16.208333333333332,6.391666666666667,41.875,0.24541666666666664,0.6666666666666666,1.7166666666666668,60.166666666666664,34.583333333333336
2024-08-21,15.379166666666668,10.704166666666666,278.4583333333333,13.9,7.1125,51.916666666666664,0.16583333333333333,0.0,1.6645833333333335,52.583333333333336,27.833333333333332
2024-08-22,8.9375,6.429166666666667,219.25,11.154166666666667,4.4624999999999995,41.708333333333336,0.09000000000000001,0.0,2.066666666666667,30.583333333333332,19.625
2024-08-23,14.316666666666668,9.833333333333334,255.04166666666666,13.512500000000001,5.0,40.083333333333336,0.12291666666666667,1.875,2.1374999999999997,34.625,19.583333333333332
2024-08-24,10.145833333333334,6.645833333333333,188.54166666666666,7.8500000000000005,3.5625,42.666666666666664,0.14125000000000001,2.1666666666666665,2.2291666666666665,37.458333333333336,20.125
2024-08-25,10.320833333333333,6.175,178.5,7.158333333333334,2.954166666666667,39.708333333333336,0.17166666666666666,3.9583333333333335,2.09375,23.458333333333332,15.958333333333334
2024-08-26,7.466666666666666,4.954166666666667,181.95833333333334,7.345833333333334,2.9958333333333336,43.333333333333336,0.16125,0.5833333333333334,2.1083333333333334,25.875,17.291666666666668
2024-08-27,7.466666666666666,4.9624999999999995,193.20833333333334,8.483333333333333,3.3625000000000003,40.125,0.12791666666666665,0.6666666666666666,2.4375,20.708333333333332,15.958333333333334
2024-08-28,9.200000000000001,5.995833333333334,220.875,10.9625,3.775,31.416666666666668,0.13625,1.3333333333333333,1.7791666666666668,24.791666666666668,13.625
2024-08-29,6.6125,4.329166666666667,209.375,9.6375,3.233333333333333,30.0,0.12416666666666666,1.2083333333333333,1.5458333333333334,21.708333333333332,13.083333333333334
2024-08-30,8.625,5.070833333333334,213.20833333333334,10.379166666666666,3.1,32.75,0.2520833333333333,4.208333333333333,0.99375,18.666666666666668,13.083333333333334
2024-08-31,5.445833333333333,3.5875,194.75,9.866666666666667,3.158333333333333,26.375,0.19458333333333333,1.0416666666666667,1.2562499999999999,19.625,11.041666666666666
2024-09-01,5.991666666666667,3.975,193.625,9.233333333333333,3.2416666666666667,33.916666666666664,0.10041666666666667,1.0416666666666667,1.8833333333333335,17.083333333333332,13.625
2024-09-02,11.558333333333332,6.341666666666666,191.08333333333334,9.820833333333333,3.2916666666666665,36.625,0.21041666666666667,7.25,1.2270833333333333,20.208333333333332,14.791666666666666
2024-09-03,10.6,5.5874999999999995,197.125,9.533333333333333,3.4250000000000003,39.125,0.19541666666666668,7.583333333333333,2.2958333333333334,26.25,16.458333333333332
2024-09-04,13.766666666666666,6.875,204.875,10.804166666666667,3.4,35.708333333333336,0.21333333333333335,10.875,1.7270833333333335,25.291666666666668,14.666666666666666
2024-09-05,13.004166666666668,7.070833333333333,210.0,10.266666666666667,3.4458333333333333,40.75,0.20125,7.916666666666667,2.004166666666667,30.833333333333332,17.583333333333332
2024-09-06,14.316666666666668,7.0125,226.83333333333334,11.508333333333333,3.545833333333333,36.541666666666664,0.22791666666666666,11.916666666666666,1.5333333333333332,28.0,15.458333333333334
2024-09-07,14.908333333333333,7.9750000000000005,225.75,11.020833333333334,3.5124999999999997,38.5,0.26708333333333334,9.708333333333334,1.5916666666666666,31.125,17.083333333333332
2024-09-08,8.075000000000001,5.070833333333334,203.45833333333334,9.683333333333334,3.2583333333333333,35.291666666666664,0.15875,2.25,1.8166666666666667,29.708333333333332,15.875
2024-09-09,6.5375000000000005,4.225,184.75,8.879166666666666,3.0041666666666664,35.0,0.15041666666666667,1.3333333333333333,1.3520833333333335,18.958333333333332,14.0
2024-09-10,6.075,3.845833333333333,171.54166666666666,7.216666666666666,2.9166666666666665,38.916666666666664,0.1875,1.5,2.316666666666667,20.083333333333332,15.458333333333334
2024-09-11,10.566666666666666,5.925,193.25,8.829166666666667,3.3249999999999997,38.791666666666664,0.16208333333333333,5.875,2.1625,20.125,15.625
2024-09-12,13.9125,8.016666666666667,241.75,13.079166666666666,4.058333333333333,35.583333333333336,0.15916666666666668,6.75,2.18125,26.291666666666668,17.208333333333332
2024-09-13,22.962500000000002,12.854166666666666,271.8333333333333,15.174999999999999,4.5,39.291666666666664,0.19958333333333333,12.75,2.189583333333333,44.0,22.875
2024-09-14,19.029166666666665,10.820833333333333,259.0833333333333,14.7125,4.504166666666666,36.708333333333336,0.19458333333333333,9.625,2.129166666666667,50.458333333333336,25.0
2024-09-15,16.900000000000002,9.700000000000001,237.08333333333334,12.370833333333332,4.254166666666666,43.791666666666664,0.21416666666666664,8.375,2.341666666666667,43.333333333333336,23.0
2024-09-16,19.4875,9.933333333333334,238.25,11.904166666666667,3.9166666666666665,42.208333333333336,0.22875,14.833333333333334,2.127083333333333,41.875,22.166666666666668
2024-09-17,16.641666666666666,9.279166666666667,246.375,13.004166666666668,4.0874999999999995,40.333333333333336,0.19583333333333333,8.958333333333334,2.375,38.833333333333336,21.458333333333332
2024-09-18,29.329166666666666,16.791666666666668,407.25,20.0,6.2124999999999995,46.083333333333336,0.17791666666666664,17.166666666666668,2.6979166666666665,45.458333333333336,26.833333333333332
2024-09-19,29.125,16.154166666666665,363.3333333333333,19.724999999999998,6.083333333333333,49.708333333333336,0.19375,17.958333333333332,2.502083333333333,63.291666666666664,37.125
2024-09-20,24.704166666666666,14.329166666666666,349.75,18.841666666666665,5.9375,50.541666666666664,0.215,12.166666666666666,2.33125,56.958333333333336,31.916666666666668
2024-09-21,17.4375,10.329166666666667,251.16666666666666,12.829166666666666,4.133333333333334,52.125,0.1975,7.208333333333333,2.1020833333333333,51.75,27.208333333333332
2024-09-22,17.837500000000002,10.908333333333333,241.29166666666666,12.262500000000001,4.341666666666667,49.708333333333336,0.25833333333333336,6.291666666666667,2.03125,40.458333333333336,22.875
2024-09-23,12.25,8.4,259.7083333333333,13.058333333333332,4.054166666666666,50.291666666666664,0.26708333333333334,1.1666666666666667,1.21875,42.625,24.0
2024-09-24,6.191666666666666,4.3500000000000005,222.20833333333334,10.5875,3.7458333333333336,45.458333333333336,0.20958333333333334,0.0,1.28125,28.75,19.0
2024-09-25,8.9125,5.841666666666666,215.875,10.2875,3.408333333333333,50.333333333333336,0.16041666666666668,0.5,2.1083333333333334,23.416666666666668,20.0
2024-09-26,10.625,7.008333333333333,242.58333333333334,13.791666666666666,4.2749999999999995,41.208333333333336,0.14666666666666667,1.0,1.7437500000000001,26.583333333333332,18.125
2024-09-27,12.625,6.995833333333334,247.66666666666666,12.541666666666666,4.195833333333334,41.166666666666664,0.13916666666666666,6.708333333333333,2.1875,32.166666666666664,18.791666666666668
2024-09-28,22.474999999999998,14.375,432.2083333333333,20.041666666666668,8.104166666666666,40.75,0.18916666666666668,4.041666666666667,1.7666666666666666,36.166666666666664,22.291666666666668
2024-09-29,18.108333333333334,12.095833333333333,316.9166666666667,17.608333333333334,6.858333333333333,55.458333333333336,0.2333333333333333,0.2916666666666667,2.40625,53.166666666666664,30.875
2024-09-30,25.166666666666668,16.175,316.8333333333333,19.366666666666667,10.554166666666667,45.333333333333336,0.21208333333333332,0.20833333333333334,2.4166666666666665,55.041666666666664,29.875
2024-10-01,32.05833333333333,20.120833333333334,394.625,23.183333333333334,14.816666666666668,52.625,0.18916666666666668,0.0,2.5104166666666665,64.95833333333333,39.791666666666664
2024-10-02,21.52916666666667,14.7125,340.6666666666667,18.483333333333334,9.216666666666667,61.583333333333336,0.18833333333333335,0.0,2.441666666666667,61.041666666666664,38.541666666666664
2024-10-03,28.90416666666667,19.891666666666666,490.3333333333333,27.004166666666666,8.154166666666667,57.75,0.3154166666666667,0.0,2.0208333333333335,63.0,40.666666666666664
2024-10-04,22.03333333333333,15.220833333333333,350.0,20.075,6.170833333333333,55.333333333333336,0.3670833333333334,0.0,1.4958333333333333,62.541666666666664,36.875
2024-10-05,17.554166666666667,12.241666666666667,399.375,21.1125,6.620833333333334,50.166666666666664,0.30624999999999997,0.0,1.1979166666666667,46.458333333333336,26.208333333333332
2024-10-06,42.016666666666666,27.391666666666666,577.125,32.175000000000004,10.370833333333334,61.416666666666664,0.48125,5.083333333333333,1.7145833333333333,64.08333333333333,44.041666666666664
2024-10-07,61.42083333333333,38.270833333333336,493.0,23.766666666666666,11.25,77.875,0.5883333333333334,9.625,1.8687500000000001,101.70833333333333,68.70833333333333
2024-10-08,28.8875,19.491666666666667,377.4583333333333,19.2375,7.616666666666667,59.5,0.3758333333333333,1.4583333333333333,1.2541666666666667,85.66666666666667,60.25
2024-10-09,21.645833333333332,14.804166666666667,302.8333333333333,15.9625,10.625,52.875,0.2891666666666667,0.0,2.0729166666666665,61.083333333333336,35.125
2024-10-10,23.162499999999998,15.987499999999999,397.125,21.47083333333333,10.200000000000001,46.708333333333336,0.3183333333333333,0.0,0.9437500000000001,57.833333333333336,31.375
2024-10-11,17.925,12.220833333333333,292.9583333333333,15.720833333333333,8.625,55.541666666666664,0.25083333333333335,0.0,1.804166666666667,52.833333333333336,29.416666666666668
2024-10-12,14.491666666666667,9.929166666666667,299.75,16.316666666666666,6.154166666666666,42.083333333333336,0.15458333333333332,0.0,1.0666666666666667,48.625,23.708333333333332
2024-10-13,12.4375,8.516666666666667,292.1666666666667,16.370833333333334,5.245833333333334,34.625,0.13833333333333334,0.0,2.004166666666667,35.958333333333336,20.125
2024-10-14,20.695833333333333,14.2125,463.4166666666667,29.587500000000002,10.770833333333334,21.5,0.16666666666666666,0.0,0.7062499999999999,49.625,25.083333333333332
2024-10-15,18.858333333333334,13.133333333333333,544.8333333333334,23.675,9.966666666666667,23.791666666666668,0.12458333333333334,0.0,0.6479166666666667,45.5,22.375
2024-10-16,13.4125,9.379166666666666,456.0833333333333,25.766666666666666,8.950000000000001,18.958333333333332,0.06875,0.0,0.65625,55.916666666666664,29.75
2024-10-17,13.254166666666668,9.229166666666666,363.5833333333333,20.037499999999998,6.516666666666667,39.166666666666664,0.1366666666666667,0.0,0.8041666666666667,28.625,19.625
2024-10-18,31.679166666666664,21.320833333333333,641.2916666666666,26.645833333333332,11.358333333333334,40.041666666666664,0.29875,1.2083333333333333,1.4354166666666668,49.666666666666664,26.708333333333332
2024-10-19,42.30833333333333,29.25,913.8333333333334,37.13333333333333,15.445833333333333,31.541666666666668,0.35791666666666666,0.3333333333333333,0.875,86.45833333333333,62.5
2024-10-20,24.620833333333334,17.0125,534.25,31.954166666666666,10.575000000000001,43.0,0.29625,0.0,1.6645833333333335,73.95833333333333,51.208333333333336
2024-10-21,27.116666666666664,18.820833333333333,586.0833333333334,23.020833333333332,10.9125,51.791666666666664,0.3729166666666666,0.0,1.7479166666666668,53.916666666666664,31.541666666666668
2024-10-22,46.81666666666666,32.612500000000004,904.75,35.32083333333333,13.883333333333333,41.666666666666664,0.47208333333333335,0.0,0.90625,90.41666666666667,63.333333333333336
2024-10-23,39.225,27.325,699.25,31.866666666666664,12.225,48.083333333333336,0.36624999999999996,0.0,1.7750000000000001,90.25,64.70833333333333
2024-10-24,31.900000000000002,22.15833333333333,645.5416666666666,32.958333333333336,11.35,54.416666666666664,0.32458333333333333,0.0,1.0562500000000001,65.5,43.5
2024-10-25,74.47083333333333,48.3125,997.4166666666666,46.69166666666666,15.3375,62.208333333333336,0.61125,1.9166666666666667,1.914583333333333,96.66666666666667,65.70833333333333
2024-10-26,107.09583333333335,66.3,1180.75,47.949999999999996,17.816666666666666,64.16666666666667,0.8308333333333334,5.333333333333333,1.6083333333333334,152.16666666666666,89.875
2024-10-27,81.87916666666666,52.82083333333333,905.2916666666666,38.7875,13.016666666666666,69.75,0.6062500000000001,3.0416666666666665,1.8499999999999999,153.0,89.20833333333333
2024-10-28,71.99166666666666,47.17916666666667,1209.5416666666667,40.80416666666667,15.549999999999999,79.91666666666667,0.5750000000000001,3.0,1.8270833333333334,129.20833333333334,77.41666666666667
2024-10-29,71.56666666666666,46.28333333333333,950.2083333333334,33.270833333333336,11.891666666666666,80.20833333333333,0.5854166666666667,3.625,1.7791666666666668,127.375,77.25
2024-10-30,87.66666666666667,56.699999999999996,1289.875,37.791666666666664,15.945833333333333,85.70833333333333,0.8558333333333333,4.583333333333333,1.4895833333333333,141.5,81.625
2024-10-31,83.375,54.56666666666666,1223.0416666666667,29.4375,11.566666666666668,88.45833333333333,1.0254166666666666,3.3333333333333335,1.0999999999999999,151.08333333333334,86.16666666666667
2024-11-01,40.40416666666667,27.508333333333336,1049.9583333333333,24.866666666666664,7.583333333333333,65.0,0.6570833333333334,0.2916666666666667,0.8770833333333333,110.66666666666667,71.54166666666667
2024-11-02,32.02916666666667,21.495833333333334,637.2916666666666,19.966666666666665,6.245833333333334,57.625,0.4183333333333333,0.4583333333333333,1.6166666666666665,81.45833333333333,60.791666666666664
2024-11-03,22.083333333333332,15.095833333333333,481.9166666666667,21.070833333333333,6.395833333333333,46.375,0.29875,0.0,1.6833333333333333,58.416666666666664,32.916666666666664
2024-11-04,19.191666666666666,12.833333333333334,508.25,17.233333333333334,6.958333333333333,56.541666666666664,0.24,0.20833333333333334,1.5770833333333334,54.041666666666664,29.416666666666668
2024-11-05,39.987500000000004,26.620833333333334,635.0,24.9875,10.145833333333334,53.333333333333336,0.3445833333333333,0.6666666666666666,1.7395833333333333,59.916666666666664,36.416666666666664
2024-11-06,63.625,39.90833333333333,657.5416666666666,25.795833333333334,11.058333333333332,71.25,0.50625,2.9583333333333335,1.6624999999999999,103.04166666666667,69.20833333333333
2024-11-07,37.012499999999996,23.8625,653.8333333333334,17.645833333333332,7.620833333333334,72.41666666666667,0.35125,0.4583333333333333,1.6083333333333334,96.45833333333333,66.875
2024-11-08,17.129166666666666,10.954166666666666,570.7083333333334,17.55,5.666666666666667,61.0,0.18375,0.9166666666666666,1.7729166666666665,57.083333333333336,34.958333333333336
2024-11-09,20.175,13.045833333333334,548.5416666666666,18.287499999999998,5.575,60.25,0.14416666666666667,0.75,2.0520833333333335,49.541666666666664,29.208333333333332
2024-11-10,41.545833333333334,27.016666666666666,620.6666666666666,18.845833333333335,7.358333333333333,78.54166666666667,0.40875,0.75,1.73125,65.20833333333333,45.833333333333336
2024-11-11,51.63333333333333,33.824999999999996,773.5,23.558333333333334,10.204166666666667,76.41666666666667,0.49374999999999997,0.9166666666666666,1.7958333333333334,92.41666666666667,65.58333333333333
2024-11-12,31.108333333333334,21.991666666666664,465.75,20.400000000000002,9.625,52.666666666666664,0.2625,0.0,0.6645833333333333,91.625,65.08333333333333
2024-11-13,6.4750000000000005,6.270833333333333,299.6666666666667,14.895833333333334,5.9875,34.333333333333336,0.09875,0.0,0.9895833333333334,40.958333333333336,22.708333333333332
2024-11-14,7.7,7.516666666666667,332.9583333333333,14.200000000000001,5.666666666666667,42.416666666666664,0.15,0.0,1.0999999999999999,26.333333333333332,17.166666666666668
2024-11-15,8.183333333333334,7.820833333333333,399.4583333333333,14.416666666666666,5.05,47.625,0.14916666666666667,0.0,1.3583333333333334,35.625,20.25
2024-11-16,9.5,9.137500000000001,397.5416666666667,15.9125,5.258333333333334,46.625,0.16833333333333333,0.0,1.2104166666666667,32.75,19.958333333333332
2024-11-17,28.3,27.770833333333332,468.4166666666667,15.737499999999999,6.345833333333334,72.5,0.47,0.20833333333333334,1.3812499999999999,54.791666666666664,37.083333333333336
2024-11-18,39.824999999999996,38.862500000000004,525.1666666666666,13.991666666666667,5.1625000000000005,89.83333333333333,0.5933333333333334,0.9583333333333334,1.3395833333333333,105.125,69.91666666666667
2024-11-19,33.641666666666666,33.012499999999996,550.5,14.616666666666667,6.175,90.04166666666667,0.5483333333333333,0.375,1.5354166666666667,99.41666666666667,68.29166666666667
2024-11-20,41.104166666666664,40.30416666666667,536.375,15.700000000000001,6.670833333333333,94.95833333333333,0.48291666666666666,0.75,1.5479166666666666,107.04166666666667,70.58333333333333
2024-11-21,45.54583333333333,44.54583333333333,576.2083333333334,30.616666666666664,10.179166666666667,68.79166666666667,0.425,0.9583333333333334,1.0625,106.83333333333333,70.58333333333333
2024-11-22,45.770833333333336,44.94166666666666,588.5416666666666,24.979166666666668,9.487499999999999,89.95833333333333,0.39958333333333335,0.9166666666666666,1.8187499999999999,131.41666666666666,78.5
2024-11-23,38.979166666666664,37.958333333333336,581.0833333333334,25.145833333333332,8.625,73.0,0.3358333333333334,0.625,1.5458333333333334,116.29166666666667,73.66666666666667
2024-11-24,35.637499999999996,34.6875,496.7083333333333,18.579166666666666,6.495833333333334,83.33333333333333,0.39208333333333334,0.375,1.7166666666666668,101.125,68.79166666666667
2024-11-25,41.7875,41.025,527.4583333333334,18.220833333333335,8.366666666666667,86.33333333333333,0.4083333333333334,0.7083333333333334,1.04375,103.75,69.58333333333333
2024-11-26,37.65833333333333,37.112500000000004,533.4583333333334,11.35,8.745833333333334,103.66666666666667,0.39125000000000004,0.5416666666666666,0.9958333333333332,114.33333333333333,72.95833333333333
2024-11-27,42.708333333333336,41.791666666666664,493.2083333333333,12.975,10.591666666666667,106.0,0.5229166666666667,1.0833333333333333,0.9395833333333333,104.25,69.75
2024-11-28,38.36666666666667,37.71666666666667,514.375,13.225,18.991666666666667,125.08333333333333,0.27125,1.1666666666666667,1.9375,114.54166666666667,72.125
2024-11-29,36.733333333333334,35.90833333333333,434.875,12.487499999999999,16.325,102.91666666666667,0.27875,1.5416666666666667,1.2125000000000001,104.375,69.75
2024-11-30,22.84166666666667,22.629166666666666,397.9166666666667,12.083333333333334,10.0375,72.33333333333333,0.2041666666666667,0.041666666666666664,0.5333333333333333,89.33333333333333,64.16666666666667
2024-12-01,9.520833333333334,9.483333333333333,394.4583333333333,12.433333333333332,7.7,65.25,0.13083333333333333,0.0,0.3958333333333333,56.625,32.625
2024-12-02,8.458333333333334,8.433333333333334,404.5416666666667,14.741666666666667,7.029166666666666,71.08333333333333,0.24083333333333334,0.0,0.325,33.0,28.375
2024-12-03,12.75,12.695833333333333,590.875,13.445833333333333,8.2125,86.66666666666667,0.25708333333333333,0.0,1.2645833333333332,44.291666666666664,35.75
2024-12-04,20.516666666666666,19.325,523.6666666666666,13.129166666666668,4.308333333333334,69.54166666666667,0.305,0.7083333333333334,1.39375,60.666666666666664,35.25
2024-12-05,10.6625,10.4125,455.875,15.316666666666665,6.241666666666667,50.666666666666664,0.13875,0.0,1.5520833333333333,55.333333333333336,29.875
2024-12-06,17.162499999999998,16.891666666666666,491.1666666666667,17.533333333333335,6.966666666666666,65.41666666666667,0.16583333333333333,0.0,1.9208333333333334,52.791666666666664,31.083333333333332
2024-12-07,21.40833333333333,20.866666666666667,496.75,14.504166666666668,8.741666666666667,72.04166666666667,0.25,0.0,1.7833333333333334,66.0,40.333333333333336
2024-12-08,20.083333333333332,19.241666666666667,497.4583333333333,16.8,6.5874999999999995,61.666666666666664,0.2816666666666667,0.0,1.6437499999999998,68.08333333333333,42.166666666666664
2024-12-09,29.870833333333334,29.0,573.625,26.95,10.975,67.58333333333333,0.34625,0.0,1.5166666666666666,69.5,48.125
2024-12-10,41.27916666666667,40.545833333333334,463.125,18.0625,7.916666666666667,72.54166666666667,0.5408333333333334,0.3333333333333333,1.4979166666666668,105.04166666666667,69.83333333333333
2024-12-11,31.991666666666664,31.599999999999998,415.75,12.9125,8.054166666666667,84.41666666666667,0.36333333333333334,0.0,1.0770833333333334,103.95833333333333,69.54166666666667
2024-12-12,9.270833333333334,9.170833333333333,508.25,13.112499999999999,5.933333333333334,73.16666666666667,0.14625,0.0,0.43333333333333335,67.45833333333333,44.125
2024-12-13,28.520833333333332,28.045833333333334,510.0833333333333,11.183333333333332,5.8,89.25,0.6025,0.0,0.48124999999999996,51.666666666666664,40.458333333333336
2024-12-14,42.708333333333336,41.862500000000004,530.7916666666666,11.545833333333334,9.883333333333333,103.875,0.4083333333333334,0.7083333333333334,1.8104166666666668,108.875,71.29166666666667
2024-12-15,34.49583333333333,33.074999999999996,480.625,12.229166666666666,6.908333333333334,99.25,0.31916666666666665,0.75,1.71875,103.33333333333333,69.375
2024-12-16,53.37083333333334,52.59166666666667,629.5833333333334,17.295833333333334,12.779166666666667,108.08333333333333,0.33666666666666667,0.7916666666666666,1.6229166666666668,117.66666666666667,74.04166666666667
2024-12-17,41.833333333333336,41.00833333333333,599.25,30.166666666666668,13.862499999999999,71.75,0.27999999999999997,0.4166666666666667,1.4937500000000001,131.66666666666666,78.54166666666667
2024-12-18,27.28333333333333,26.8875,575.25,19.970833333333335,13.325000000000001,76.41666666666667,0.29291666666666666,0.0,1.4979166666666668,100.79166666666667,68.58333333333333
2024-12-19,27.858333333333334,27.625,512.1666666666666,17.941666666666666,13.204166666666666,88.875,0.36541666666666667,0.0,1.4791666666666667,76.75,57.291666666666664
2024-12-20,23.879166666666666,23.77916666666667,552.75,24.320833333333336,12.916666666666666,65.29166666666667,0.3070833333333333,0.0,1.4333333333333333,76.75,55.708333333333336
2024-12-21,47.7875,47.5375,701.875,47.77916666666667,20.891666666666666,46.166666666666664,0.37916666666666665,0.0,1.3041666666666667,102.83333333333333,68.79166666666667
2024-12-22,41.05833333333333,40.795833333333334,592.2083333333334,29.770833333333332,12.875,75.25,0.5750000000000001,0.0,1.3854166666666667,122.0,75.33333333333333
2024-12-23,39.38333333333333,38.800000000000004,556.4166666666666,28.666666666666668,11.583333333333334,66.125,0.61875,0.5833333333333334,1.0979166666666667,106.33333333333333,70.45833333333333
2024-12-24,40.041666666666664,39.25,681.5,35.49583333333333,13.470833333333333,68.29166666666667,0.4779166666666667,1.2083333333333333,1.3125,113.29166666666667,72.66666666666667
2024-12-25,24.03333333333333,23.520833333333332,456.0416666666667,24.733333333333334,12.416666666666666,56.458333333333336,0.38625,0.5416666666666666,1.0666666666666667,89.04166666666667,63.583333333333336
2024-12-26,13.054166666666667,12.887500000000001,360.7083333333333,13.9375,8.508333333333333,58.375,0.18791666666666665,0.0,0.5979166666666667,70.875,48.666666666666664
2024-12-27,8.825000000000001,8.575000000000001,387.9583333333333,9.333333333333334,5.120833333333334,73.125,0.1625,0.0,0.9979166666666667,40.333333333333336,29.25
2024-12-28,21.616666666666664,20.4875,401.6666666666667,12.275,4.995833333333334,86.66666666666667,0.25416666666666665,0.125,1.675,53.083333333333336,38.625
2024-12-29,23.1875,22.129166666666666,403.5,14.116666666666667,5.8875,72.95833333333333,0.22833333333333336,0.25,1.7708333333333333,71.33333333333333,48.083333333333336
2024-12-30,23.40416666666667,22.662499999999998,385.6666666666667,11.020833333333334,5.675,76.29166666666667,0.25708333333333333,0.125,1.1583333333333334,72.41666666666667,50.375
2024-12-31,23.066666666666666,22.395833333333332,424.2083333333333,13.970833333333333,6.683333333333334,72.25,0.2070833333333333,0.25,1.8916666666666666,69.41666666666667,44.541666666666664
2025-01-01,36.2125,34.90416666666667,512.25,13.612499999999999,7.9624999999999995,92.54166666666667,0.3279166666666667,2.125,1.6875,86.0,62.25
2025-01-02,45.0875,42.8125,541.4166666666666,16.166666666666668,7.179166666666667,96.33333333333333,0.395,4.208333333333333,1.825,106.54166666666667,70.54166666666667
2025-01-03,39.55416666666667,38.775,503.625,14.016666666666666,7.7625,101.04166666666667,0.3804166666666667,0.625,1.8145833333333332,119.25,74.54166666666667
2025-01-04,46.550000000000004,44.19583333333333,479.875,22.15833333333333,9.887500000000001,89.58333333333333,0.28250000000000003,3.5416666666666665,1.8187499999999999,112.70833333333333,72.5
2025-01-05,46.81666666666666,44.1875,457.75,21.125,10.091666666666667,91.375,0.35541666666666666,3.4583333333333335,1.8291666666666666,124.0,75.95833333333333
2025-01-06,42.987500000000004,41.32083333333333,447.6666666666667,19.05,9.075000000000001,89.5,0.34833333333333333,1.75,1.8583333333333334,115.58333333333333,73.41666666666667
2025-01-07,39.708333333333336,38.262499999999996,480.7083333333333,28.729166666666668,10.916666666666666,80.04166666666667,0.28833333333333333,1.2916666666666667,1.8187499999999999,109.29166666666667,71.41666666666667
2025-01-08,36.333333333333336,35.7125,511.2083333333333,17.8125,11.104166666666666,97.08333333333333,0.30916666666666665,0.6666666666666666,1.9000000000000001,106.08333333333333,70.0
2025-01-09,44.68333333333334,43.7875,467.2916666666667,11.174999999999999,6.8,113.20833333333333,0.5,0.4166666666666667,1.5687499999999999,109.04166666666667,71.29166666666667
2025-01-10,38.63333333333333,37.525,458.9583333333333,12.745833333333332,7.416666666666667,94.08333333333333,0.39958333333333335,0.375,1.2708333333333333,117.16666666666667,73.83333333333333
2025-01-11,30.65416666666667,29.78333333333333,454.5,18.758333333333333,5.6875,79.33333333333333,0.41291666666666665,0.0,1.0729166666666667,91.91666666666667,65.33333333333333
2025-01-12,22.125,20.870833333333334,391.4166666666667,11.791666666666666,5.241666666666666,82.04166666666667,0.3045833333333334,1.3333333333333333,1.5791666666666666,81.125,59.958333333333336
2025-01-13,15.991666666666667,15.191666666666668,374.4166666666667,10.808333333333332,5.2124999999999995,84.5,0.24791666666666667,0.4166666666666667,1.2750000000000001,64.83333333333333,40.166666666666664
2025-01-14,15.5,14.487499999999999,390.8333333333333,10.116666666666667,5.5,82.33333333333333,0.26375,0.7916666666666666,1.33125,51.0,33.083333333333336
2025-01-15,15.4,14.616666666666667,386.0416666666667,10.204166666666667,4.420833333333333,91.54166666666667,0.19458333333333333,0.16666666666666666,1.55,58.25,38.125
2025-01-16,35.28333333333333,34.36666666666667,433.2083333333333,11.924999999999999,5.395833333333333,103.875,0.34625,0.25,1.9312500000000001,72.66666666666667,52.083333333333336
2025-01-17,51.15,50.104166666666664,522.0833333333334,10.908333333333333,5.241666666666666,107.08333333333333,0.5566666666666666,0.5833333333333334,1.7520833333333332,119.0,74.41666666666667
2025-01-18,45.449999999999996,44.60833333333333,479.5,11.5625,5.954166666666667,103.25,0.44625000000000004,0.375,1.84375,140.54166666666666,81.45833333333333
2025-01-19,23.375,22.825,529.375,17.754166666666666,6.329166666666667,71.625,0.2758333333333333,0.0,0.9895833333333334,92.41666666666667,64.875
2025-01-20,30.775000000000002,30.254166666666666,572.2083333333334,18.370833333333334,10.116666666666667,89.79166666666667,0.25958333333333333,0.0,2.13125,75.95833333333333,55.041666666666664
2025-01-21,38.604166666666664,38.18333333333333,571.1666666666666,21.349999999999998,12.245833333333332,99.58333333333333,0.19041666666666668,0.0,2.1645833333333333,107.875,70.625
2025-01-22,33.550000000000004,32.69166666666667,526.9583333333334,15.549999999999999,8.841666666666667,93.75,0.20916666666666664,0.0,2.1854166666666663,96.16666666666667,66.95833333333333
2025-01-23,33.2125,32.225,424.0833333333333,16.066666666666666,8.200000000000001,83.33333333333333,0.19291666666666665,0.125,2.152083333333333,96.33333333333333,66.95833333333333
2025-01-24,29.104166666666668,27.766666666666666,392.0,14.3125,9.741666666666667,93.29166666666667,0.18708333333333335,0.5833333333333334,2.21875,86.33333333333333,63.25
2025-01-25,31.041666666666668,30.058333333333334,437.4583333333333,20.183333333333334,9.658333333333333,87.41666666666667,0.16166666666666665,0.2916666666666667,2.2708333333333335,86.95833333333333,63.333333333333336
2025-01-26,22.6375,22.25,445.0416666666667,18.099999999999998,7.595833333333334,84.16666666666667,0.09999999999999999,0.0,2.347916666666667,80.08333333333333,58.791666666666664
2025-01-27,37.858333333333334,37.3375,559.25,23.179166666666664,11.483333333333334,96.45833333333333,0.1775,0.375,2.2645833333333334,88.95833333333333,62.666666666666664
2025-01-28,48.28333333333333,47.67083333333333,545.0416666666666,23.4875,12.258333333333333,110.33333333333333,0.2554166666666667,0.4166666666666667,2.1729166666666666,117.375,73.5
2025-01-29,46.49583333333334,45.85833333333333,464.9583333333333,13.883333333333333,9.0375,110.16666666666667,0.34375,0.16666666666666666,2.095833333333333,130.29166666666666,78.0
2025-01-30,33.9,33.24166666666667,515.0416666666666,19.150000000000002,7.375,82.58333333333333,0.21666666666666667,0.125,2.2645833333333334,110.95833333333333,71.83333333333333
2025-01-31,27.27916666666667,26.462500000000002,471.5,18.708333333333332,6.041666666666667,73.83333333333333,0.18041666666666667,0.0,2.066666666666667,85.91666666666667,63.125
2025-02-01,21.641666666666666,21.2,430.0416666666667,22.329166666666666,6.433333333333334,78.41666666666667,0.15875,0.0,2.191666666666667,74.125,53.958333333333336
2025-02-02,17.675,17.104166666666668,478.6666666666667,20.7625,6.9125000000000005,85.83333333333333,0.09250000000000001,0.0,2.4270833333333335,71.04166666666667,46.875
2025-02-03,23.429166666666664,23.333333333333332,530.125,22.087500000000002,10.0375,89.5,0.08125,0.0,2.4583333333333335,70.33333333333333,47.791666666666664
2025-02-04,27.141666666666666,27.02916666666667,508.4583333333333,24.191666666666666,10.025,84.0,0.15791666666666668,0.0,2.375,73.58333333333333,55.291666666666664
2025-02-05,44.19583333333333,43.93333333333334,511.375,17.808333333333334,13.862499999999999,104.16666666666667,0.21833333333333335,0.0,2.375,106.70833333333333,70.41666666666667
2025-02-06,33.358333333333334,33.12916666666667,493.0,17.087500000000002,11.179166666666667,96.75,0.12916666666666668,0.0,2.5208333333333335,111.41666666666667,72.04166666666667
2025-02-07,25.504166666666666,25.233333333333334,498.875,18.837500000000002,8.520833333333334,88.66666666666667,0.11541666666666667,0.0,2.564583333333333,82.41666666666667,61.625
2025-02-08,45.60833333333333,45.145833333333336,485.2083333333333,17.837500000000002,11.629166666666668,109.5,0.35083333333333333,0.20833333333333334,2.310416666666667,92.58333333333333,64.91666666666667
2025-02-09,58.625,58.074999999999996,492.1666666666667,17.441666666666666,13.291666666666666,114.875,0.4075,0.6666666666666666,2.2125,147.83333333333334,85.79166666666667
2025-02-10,55.525,53.65416666666667,491.25,18.162499999999998,11.208333333333334,105.83333333333333,0.3641666666666667,3.0416666666666665,2.285416666666667,145.75,83.25
2025-02-11,38.42916666666667,36.358333333333334,442.8333333333333,20.870833333333334,10.65,95.70833333333333,0.16166666666666665,3.2916666666666665,2.4770833333333333,129.91666666666666,78.04166666666667
2025-02-12,21.933333333333334,21.608333333333334,484.5833333333333,21.9875,9.866666666666667,90.83333333333333,0.09125,0.0,2.464583333333333,83.41666666666667,59.625
2025-02-13,27.349999999999998,26.608333333333334,524.4583333333334,21.962500000000002,11.783333333333333,101.91666666666667,0.1779166666666667,1.1666666666666667,2.4270833333333335,79.33333333333333,55.125
2025-02-14,28.858333333333334,27.916666666666668,598.8333333333334,21.870833333333334,10.466666666666667,103.08333333333333,0.2404166666666667,1.75,2.3979166666666667,87.04166666666667,62.166666666666664
2025-02-15,29.879166666666666,28.504166666666666,511.8333333333333,23.925,11.979166666666666,102.04166666666667,0.27166666666666667,2.4583333333333335,2.370833333333333,92.16666666666667,63.375
2025-02-16,31.40416666666667,28.108333333333334,489.6666666666667,15.516666666666666,9.629166666666666,112.25,0.20916666666666664,6.375,2.5145833333333334,94.91666666666667,64.0
2025-02-17,33.275,30.491666666666664,470.0416666666667,13.112499999999999,7.270833333333333,106.04166666666667,0.2070833333333333,4.916666666666667,2.5479166666666666,91.0,63.625
2025-02-18,31.02916666666667,28.5125,500.7083333333333,17.066666666666666,7.841666666666666,97.83333333333333,0.16708333333333333,4.416666666666667,2.5729166666666665,92.75,64.16666666666667
2025-02-19,29.825,27.645833333333332,494.6666666666667,17.474999999999998,8.475,104.125,0.20541666666666666,4.041666666666667,2.5854166666666667,90.20833333333333,62.875
2025-02-20,32.199999999999996,29.77916666666667,473.0416666666667,14.320833333333333,8.116666666666667,107.20833333333333,0.26416666666666666,4.416666666666667,2.535416666666667,92.0,63.458333333333336
2025-02-21,32.545833333333334,29.729166666666668,473.5416666666667,14.095833333333333,7.941666666666666,103.625,0.29375,5.291666666666667,2.4833333333333334,90.83333333333333,63.458333333333336
2025-02-22,30.958333333333332,27.8875,479.3333333333333,14.920833333333334,8.904166666666667,105.04166666666667,0.35916666666666663,5.75,2.3604166666666666,90.54166666666667,63.708333333333336
2025-02-23,28.7,23.2375,430.6666666666667,14.65,8.354166666666666,98.83333333333333,0.24708333333333332,10.833333333333334,2.44375,80.95833333333333,59.541666666666664
2025-02-24,24.7375,20.591666666666665,383.9583333333333,11.3375,10.191666666666666,111.5,0.1675,8.041666666666666,2.658333333333333,77.25,52.583333333333336
2025-02-25,27.8,23.870833333333334,376.9166666666667,10.116666666666667,6.9875,95.20833333333333,0.21958333333333335,7.625,2.5958333333333337,70.20833333333333,48.708333333333336
2025-02-26,30.041666666666668,26.129166666666666,361.5,8.191666666666666,6.0249999999999995,98.91666666666667,0.245,7.666666666666667,2.6645833333333333,80.375,60.791666666666664
2025-02-27,23.233333333333334,20.0625,388.25,10.254166666666666,6.120833333333334,100.5,0.18166666666666667,5.916666666666667,2.6458333333333335,73.20833333333333,53.208333333333336
2025-02-28,19.645833333333332,17.625,392.3333333333333,11.970833333333333,6.454166666666667,80.04166666666667,0.16625,3.125,2.627083333333333,63.666666666666664,38.416666666666664
2025-03-01,19.783333333333335,18.754166666666666,362.0416666666667,11.083333333333334,5.995833333333334,73.41666666666667,0.2504166666666667,0.5,2.1374999999999997,63.625,37.125
2025-03-02,19.875,18.808333333333334,415.0,14.379166666666668,5.683333333333334,73.33333333333333,0.21916666666666665,0.6666666666666666,2.566666666666667,64.45833333333333,39.958333333333336
2025-03-03,19.104166666666668,18.0125,479.2916666666667,16.766666666666666,8.1625,82.08333333333333,0.1975,0.875,2.5854166666666667,66.58333333333333,43.875
2025-03-04,26.616666666666664,24.541666666666668,465.75,18.691666666666666,8.758333333333333,95.75,0.3020833333333333,3.5416666666666665,2.4187499999999997,75.04166666666667,49.666666666666664
2025-03-05,35.82083333333333,31.208333333333332,529.9583333333334,22.90416666666667,9.5625,100.29166666666667,0.38833333333333336,9.208333333333334,2.4354166666666663,89.83333333333333,62.958333333333336
2025-03-06,39.21666666666667,34.229166666666664,570.25,24.958333333333332,14.450000000000001,110.79166666666667,0.38999999999999996,10.458333333333334,2.410416666666667,109.45833333333333,67.375
2025-03-07,35.28333333333333,31.849999999999998,555.9166666666666,31.616666666666664,14.554166666666667,113.625,0.20333333333333334,6.916666666666667,2.8208333333333333,115.625,68.08333333333333
2025-03-08,43.50833333333333,39.59583333333333,590.375,31.804166666666664,15.4,136.375,0.30041666666666667,7.791666666666667,2.6479166666666667,123.20833333333333,69.29166666666667
2025-03-09,37.125,32.9,497.875,13.858333333333334,12.25,140.125,0.2841666666666667,8.166666666666666,2.7458333333333336,128.0,72.0
2025-03-10,23.379166666666666,21.166666666666668,359.1666666666667,11.120833333333332,5.333333333333333,97.875,0.19041666666666668,3.6666666666666665,2.970833333333333,81.95833333333333,58.958333333333336
2025-03-11,13.429166666666667,12.5875,347.3333333333333,9.379166666666666,4.704166666666667,69.95833333333333,0.16958333333333334,0.9166666666666666,2.46875,58.708333333333336,34.708333333333336
2025-03-12,13.325000000000001,12.808333333333332,366.1666666666667,14.195833333333333,5.9875,62.208333333333336,0.18416666666666667,0.3333333333333333,2.1583333333333337,45.583333333333336,28.375
2025-03-13,23.016666666666666,21.833333333333332,494.75,22.375,6.554166666666667,69.16666666666667,0.13416666666666668,1.4166666666666667,2.8666666666666667,69.66666666666667,47.875
2025-03-14,22.083333333333332,19.645833333333332,498.5416666666667,19.675,10.3125,100.79166666666667,0.19875,3.8333333333333335,2.8625000000000003,79.5,49.375
2025-03-15,25.6875,23.120833333333334,462.75,17.633333333333333,14.808333333333332,108.375,0.14125000000000001,5.0,3.00625,83.79166666666667,56.583333333333336
2025-03-16,22.837500000000002,22.375,427.5,17.970833333333335,15.545833333333334,89.875,0.15541666666666668,0.8333333333333334,3.0354166666666664,71.70833333333333,50.666666666666664
2025-03-17,28.441666666666666,28.0125,494.375,17.400000000000002,13.854166666666666,110.91666666666667,0.37083333333333335,0.5,2.370833333333333,95.58333333333333,58.291666666666664
2025-03-18,29.599999999999998,29.270833333333332,454.8333333333333,21.816666666666666,14.704166666666666,106.79166666666667,0.25625000000000003,0.2916666666666667,2.889583333333333,101.41666666666667,65.54166666666667
2025-03-19,19.76666666666667,19.275000000000002,347.3333333333333,13.179166666666667,17.454166666666666,80.25,0.21833333333333335,0.0,3.0208333333333335,72.54166666666667,51.083333333333336
2025-03-20,16.5625,16.041666666666668,314.4166666666667,11.4375,10.441666666666666,73.91666666666667,0.18458333333333332,0.0,3.0416666666666665,63.0,41.0
2025-03-21,18.683333333333334,18.204166666666666,358.5416666666667,13.174999999999999,14.458333333333334,88.875,0.25833333333333336,0.16666666666666666,2.6583333333333337,62.083333333333336,41.041666666666664
2025-03-22,33.079166666666666,32.18333333333333,547.1666666666666,18.233333333333334,15.066666666666668,98.95833333333333,0.6541666666666667,0.7083333333333334,1.29375,79.04166666666667,53.291666666666664
2025-03-23,35.0,33.795833333333334,633.6666666666666,21.541666666666668,14.420833333333334,90.29166666666667,0.64375,0.8333333333333334,1.5625,96.25,66.79166666666667
2025-03-24,27.900000000000002,26.4375,577.875,16.845833333333335,8.466666666666667,100.75,0.48583333333333334,1.9583333333333333,2.1625,99.45833333333333,66.33333333333333
2025-03-25,28.25,24.72083333333333,502.125,16.8125,6.283333333333334,98.16666666666667,0.39041666666666663,6.25,2.49375,86.54166666666667,61.0
2025-03-26,30.054166666666664,26.3,505.5,21.133333333333333,11.191666666666668,105.70833333333333,0.4141666666666666,7.25,2.2395833333333335,91.75,61.875
2025-03-27,40.5875,37.50833333333333,632.2916666666666,30.212500000000002,18.683333333333334,112.875,0.45,5.875,2.36875,106.79166666666667,66.08333333333333
2025-03-28,40.94166666666667,36.3125,526.4166666666666,22.570833333333336,16.1875,125.08333333333333,0.525,8.958333333333334,2.4583333333333335,119.0,70.08333333333333
2025-03-29,46.604166666666664,39.07083333333333,521.0833333333334,19.129166666666666,13.670833333333334,130.5,0.48458333333333337,15.333333333333334,2.589583333333333,119.79166666666667,71.125
2025-03-30,45.28333333333333,38.020833333333336,456.25,15.658333333333333,18.0625,143.375,0.6008333333333333,14.791666666666666,2.33125,129.66666666666666,72.0
2025-03-31,47.074999999999996,39.420833333333334,503.9583333333333,17.954166666666666,15.5875,131.54166666666666,0.8537500000000001,15.791666666666666,2.0104166666666665,120.45833333333333,70.33333333333333
2025-04-01,48.24583333333334,41.975,450.5833333333333,12.183333333333332,12.945833333333333,121.08333333333333,0.5720833333333334,11.791666666666666,2.433333333333333,119.91666666666667,71.91666666666667
2025-04-02,45.666666666666664,40.329166666666666,397.125,13.095833333333333,13.933333333333332,113.25,0.6970833333333334,9.791666666666666,2.127083333333333,120.5,74.75
2025-04-03,31.8625,29.991666666666664,476.125,23.724999999999998,13.479166666666666,79.16666666666667,0.59,2.9583333333333335,1.2562499999999999,93.29166666666667,65.79166666666667
2025-04-04,22.304166666666664,21.679166666666664,498.5833333333333,25.77916666666667,10.887500000000001,62.041666666666664,0.27458333333333335,1.0,2.1062499999999997,87.91666666666667,63.666666666666664
2025-04-05,17.675,17.162499999999998,505.0833333333333,19.033333333333335,7.941666666666666,86.04166666666667,0.3695833333333334,0.7916666666666666,1.7958333333333334,62.5,42.875
2025-04-06,25.52916666666667,24.849999999999998,565.0833333333334,26.474999999999998,11.904166666666667,84.45833333333333,0.38375000000000004,1.0,2.4458333333333333,80.20833333333333,53.833333333333336
2025-04-07,28.349999999999998,25.254166666666666,594.5416666666666,21.695833333333336,10.1625,92.79166666666667,0.365,6.0,2.5166666666666666,81.91666666666667,59.208333333333336
2025-04-08,29.129166666666666,23.962500000000002,447.625,17.05,8.549999999999999,103.20833333333333,0.3620833333333333,10.333333333333334,2.191666666666667,86.45833333333333,57.875
2025-04-09,32.141666666666666,26.22083333333333,499.3333333333333,20.945833333333333,9.541666666666666,99.33333333333333,0.3870833333333334,12.083333333333334,2.345833333333333,90.08333333333333,61.708333333333336
2025-04-10,46.645833333333336,37.99166666666667,486.875,33.324999999999996,12.245833333333332,105.5,0.5708333333333333,17.5,2.1395833333333334,106.45833333333333,66.29166666666667
2025-04-11,36.99166666666667,30.304166666666664,535.8333333333334,21.570833333333336,9.270833333333334,107.58333333333333,0.6254166666666666,13.458333333333334,2.0812500000000003,111.70833333333333,68.83333333333333
2025-04-12,41.458333333333336,33.887499999999996,531.9583333333334,27.604166666666668,12.225,108.375,0.5508333333333334,15.5,2.0749999999999997,109.70833333333333,66.75
2025-04-13,52.824999999999996,41.420833333333334,609.4166666666666,39.079166666666666,14.745833333333332,96.04166666666667,0.5266666666666667,23.458333333333332,2.035416666666667,117.29166666666667,71.70833333333333
2025-04-14,61.775,44.612500000000004,538.625,30.474999999999998,12.720833333333333,115.95833333333333,0.6020833333333333,35.583333333333336,1.9375,127.54166666666667,72.25
2025-04-15,78.1875,55.333333333333336,575.75,42.13333333333333,16.854166666666668,104.04166666666667,0.6425,47.166666666666664,2.002083333333333,147.0,82.45833333333333
2025-04-16,51.6875,39.612500000000004,655.125,19.279166666666665,13.6,123.375,0.7420833333333333,24.875,1.9208333333333334,134.91666666666666,75.79166666666667
2025-04-17,65.72083333333333,50.47083333333333,659.8333333333334,41.762499999999996,18.354166666666668,121.41666666666667,0.5691666666666667,31.166666666666668,2.1708333333333334,143.29166666666666,76.79166666666667
2025-04-18,59.2875,48.5375,600.375,40.7125,14.6,107.08333333333333,0.6808333333333333,22.333333333333332,1.9479166666666667,144.79166666666666,79.875
2025-04-19,58.40833333333333,46.27916666666667,543.0833333333334,36.6875,13.483333333333334,109.41666666666667,0.7229166666666668,24.333333333333332,1.8145833333333332,134.58333333333334,75.83333333333333
2025-04-20,55.57916666666667,42.041666666666664,484.9583333333333,32.94583333333333,13.358333333333334,111.125,0.7616666666666667,28.666666666666668,2.0791666666666666,131.54166666666666,75.0
2025-04-21,57.22083333333333,41.35,525.7083333333334,23.2375,12.658333333333333,105.375,0.49875,33.333333333333336,2.3541666666666665,127.04166666666667,76.75
2025-04-22,47.125,30.820833333333336,430.7083333333333,21.95,9.933333333333334,96.375,0.295,33.333333333333336,2.627083333333333,104.91666666666667,69.375
2025-04-23,40.61666666666667,29.433333333333334,501.75,20.995833333333334,12.5,110.75,0.3045833333333334,23.0,2.7145833333333336,103.25,65.16666666666667
2025-04-24,33.583333333333336,28.516666666666666,469.3333333333333,26.883333333333336,11.454166666666666,110.70833333333333,0.27291666666666664,10.166666666666666,2.7145833333333336,109.625,65.75
2025-04-25,32.94583333333333,29.8125,451.125,22.95,12.283333333333333,108.04166666666667,0.3566666666666667,5.916666666666667,2.5416666666666665,103.04166666666667,65.125
2025-04-26,34.21666666666667,30.870833333333334,419.7083333333333,18.212500000000002,11.704166666666666,111.75,0.45625,6.416666666666667,2.3583333333333334,105.125,65.875
2025-04-27,26.125,23.754166666666666,426.4166666666667,18.670833333333334,12.512500000000001,99.5,0.4375,4.583333333333333,1.9479166666666667,89.45833333333333,62.666666666666664
2025-04-28,26.195833333333336,24.745833333333334,383.6666666666667,23.0125,13.520833333333334,100.16666666666667,0.41583333333333333,2.8333333333333335,2.377083333333333,86.41666666666667,57.25
2025-04-29,24.875,22.541666666666668,402.9583333333333,21.429166666666664,12.225,101.04166666666667,0.3908333333333333,4.75,2.2937499999999997,87.04166666666667,57.125
2025-04-30,46.13333333333333,38.170833333333334,498.9583333333333,39.766666666666666,16.816666666666666,100.33333333333333,0.5216666666666666,17.125,2.1270833333333337,102.04166666666667,63.083333333333336
2025-05-01,59.72083333333333,46.97083333333333,594.5,28.575,14.983333333333334,128.33333333333334,0.8720833333333333,25.916666666666668,2.0166666666666666,140.54166666666666,75.875
2025-05-02,69.6375,53.7875,534.4583333333334,28.395833333333332,14.0875,128.75,0.8475,33.041666666666664,1.9625000000000001,155.58333333333334,83.0
2025-05-03,66.01666666666667,52.4,545.5833333333334,42.28333333333333,17.595833333333335,116.16666666666667,0.67625,28.041666666666668,2.0104166666666665,151.875,81.375
2025-05-04,34.708333333333336,29.233333333333334,516.5416666666666,35.391666666666666,12.391666666666666,85.91666666666667,0.4504166666666667,11.333333333333334,2.2708333333333335,116.0,72.33333333333333
2025-05-05,34.30833333333333,29.370833333333334,537.7083333333334,36.391666666666666,14.179166666666667,99.08333333333333,0.26958333333333334,10.291666666666666,2.566666666666667,102.08333333333333,64.91666666666667
2025-05-06,37.8125,31.383333333333336,464.2916666666667,39.6,11.995833333333332,86.79166666666667,0.37041666666666667,12.458333333333334,2.38125,100.29166666666667,65.5
2025-05-07,43.47083333333333,28.662499999999998,467.5416666666667,34.38333333333333,11.362499999999999,90.29166666666667,0.37333333333333335,29.541666666666668,2.3458333333333337,91.58333333333333,63.333333333333336
2025-05-08,29.395833333333332,21.804166666666664,412.25,29.058333333333334,9.950000000000001,82.33333333333333,0.3116666666666667,15.041666666666666,2.5875,88.29166666666667,61.583333333333336
2025-05-09,42.166666666666664,30.3125,468.0416666666667,47.1625,15.716666666666667,75.45833333333333,0.27999999999999997,22.583333333333332,2.5,81.54166666666667,56.333333333333336
2025-05-10,40.21666666666667,30.15833333333333,514.8333333333334,38.8875,14.108333333333334,83.58333333333333,0.38166666666666665,18.958333333333332,2.3125,97.08333333333333,65.375
2025-05-11,51.07083333333333,38.6,614.4166666666666,44.9125,15.133333333333333,69.91666666666667,0.4658333333333333,24.333333333333332,2.1062499999999997,102.33333333333333,69.08333333333333
2025-05-12,27.787499999999998,21.71666666666667,418.0833333333333,21.833333333333332,9.420833333333333,72.66666666666667,0.4633333333333334,11.875,2.1645833333333333,92.45833333333333,65.375
2025-05-13,18.341666666666665,16.462500000000002,471.4583333333333,17.483333333333334,8.6875,89.41666666666667,0.4779166666666667,3.6666666666666665,2.2104166666666667,67.91666666666667,43.416666666666664
2025-05-14,23.587500000000002,21.92916666666667,455.7916666666667,20.754166666666666,10.554166666666667,94.16666666666667,0.4183333333333333,3.4583333333333335,2.275,79.54166666666667,47.666666666666664
2025-05-15,30.041666666666668,28.804166666666664,443.1666666666667,25.237499999999997,12.545833333333334,107.5,0.45708333333333334,2.4166666666666665,2.4270833333333335,102.54166666666667,62.791666666666664
2025-05-16,30.666666666666668,29.69583333333333,510.3333333333333,29.583333333333332,12.570833333333333,85.95833333333333,0.5220833333333333,1.75,2.1999999999999997,93.33333333333333,64.79166666666667
2025-05-17,20.758333333333333,18.829166666666666,540.625,21.625,9.15,74.41666666666667,0.45916666666666667,3.6666666666666665,1.7395833333333333,73.04166666666667,50.166666666666664
2025-05-18,21.537499999999998,20.304166666666667,499.2083333333333,21.7375,9.033333333333333,78.33333333333333,0.4666666666666666,2.5,1.3291666666666666,63.291666666666664,41.791666666666664
2025-05-19,18.108333333333334,17.391666666666666,605.4166666666666,22.325,8.404166666666667,74.54166666666667,0.3445833333333333,1.5,1.4604166666666665,65.70833333333333,43.291666666666664
2025-05-20,7.883333333333333,7.741666666666667,499.5833333333333,14.950000000000001,7.283333333333334,62.333333333333336,0.1675,0.125,1.1125,53.0,29.416666666666668
2025-05-21,8.483333333333333,5.908333333333334,357.375,9.470833333333333,4.7375,62.166666666666664,0.14833333333333334,4.958333333333333,1.6041666666666667,30.416666666666668,24.958333333333332
2025-05-22,30.6125,13.733333333333334,369.875,10.570833333333333,5.425000000000001,56.458333333333336,0.2841666666666667,32.833333333333336,2.1104166666666666,39.708333333333336,24.458333333333332
2025-05-23,18.670833333333334,8.7125,300.8333333333333,8.904166666666667,5.075,50.083333333333336,0.17541666666666667,19.625,2.702083333333333,52.083333333333336,29.625
2025-05-24,3.8625000000000003,3.2708333333333335,266.625,7.204166666666667,3.970833333333333,49.0,0.13791666666666666,0.8333333333333334,1.4020833333333333,25.75,19.875
2025-05-25,2.7875,2.620833333333333,250.125,6.970833333333334,3.4625,51.5,0.10083333333333333,0.08333333333333333,2.1104166666666666,23.75,20.583333333333332
2025-05-26,3.3625000000000003,3.2458333333333336,313.7916666666667,9.479166666666666,4.0375000000000005,49.833333333333336,0.08333333333333333,0.0,0.8083333333333335,23.166666666666668,20.0
2025-05-27,4.808333333333334,3.8958333333333335,267.625,8.345833333333333,3.75,56.666666666666664,0.14375000000000002,1.25,1.5395833333333335,25.916666666666668,22.666666666666668
2025-05-28,3.5416666666666665,3.125,261.1666666666667,7.266666666666667,3.4,53.25,0.12,0.375,1.6708333333333334,25.0,21.25
2025-05-29,4.3999999999999995,4.1875,307.4583333333333,9.483333333333333,4.3999999999999995,51.416666666666664,0.10041666666666667,0.2916666666666667,1.1520833333333333,23.958333333333332,20.458333333333332
2025-05-30,12.154166666666667,7.633333333333333,340.7083333333333,10.975,4.733333333333333,49.958333333333336,0.34208333333333335,8.5,0.6062500000000001,24.708333333333332,19.916666666666668
2025-05-31,26.608333333333334,11.291666666666666,299.3333333333333,9.0375,4.041666666666667,57.708333333333336,0.39125000000000004,30.333333333333332,2.0416666666666665,37.5,24.875
2025-06-01,23.4375,11.670833333333334,286.0416666666667,9.762500000000001,4.5249999999999995,53.833333333333336,0.36916666666666664,21.791666666666668,2.2333333333333334,49.708333333333336,28.166666666666668
2025-06-02,15.637500000000001,9.045833333333333,285.875,9.466666666666667,4.791666666666667,49.583333333333336,0.22458333333333333,12.041666666666666,2.1374999999999997,43.375,23.958333333333332
2025-06-03,8.799999999999999,6.270833333333333,254.58333333333334,9.258333333333333,4.804166666666666,52.375,0.1875,4.5,2.683333333333333,34.083333333333336,22.458333333333332
2025-06-04,26.120833333333334,12.883333333333333,286.4166666666667,11.166666666666666,5.233333333333333,57.5,0.27666666666666667,25.291666666666668,2.502083333333333,36.708333333333336,24.416666666666668
2025-06-05,51.862500000000004,22.3625,346.2083333333333,19.6125,7.516666666666667,56.125,0.36375,58.208333333333336,2.2979166666666666,60.0,40.125
2025-06-06,65.84583333333333,28.941666666666666,355.0833333333333,23.6875,9.020833333333334,62.375,0.38166666666666665,72.33333333333333,2.1458333333333335,79.33333333333333,63.833333333333336
2025-06-07,46.82916666666667,21.416666666666668,345.5416666666667,14.954166666666666,6.716666666666666,64.625,0.3658333333333333,49.416666666666664,2.1625,82.16666666666667,63.666666666666664
2025-06-08,29.916666666666668,16.429166666666667,326.7083333333333,16.029166666666665,6.6499999999999995,60.083333333333336,0.3104166666666667,25.583333333333332,2.4395833333333337,62.958333333333336,40.291666666666664
2025-06-09,13.504166666666668,10.299999999999999,316.2916666666667,11.866666666666667,5.908333333333334,61.958333333333336,0.39999999999999997,6.291666666666667,1.28125,53.833333333333336,30.625
2025-06-10,27.679166666666664,16.087500000000002,343.1666666666667,11.766666666666666,5.841666666666666,66.29166666666667,0.53,22.666666666666668,1.4583333333333333,48.291666666666664,29.75
2025-06-11,21.083333333333332,12.979166666666666,371.25,11.804166666666667,5.270833333333333,61.833333333333336,0.6379166666666667,17.125,0.9375,57.541666666666664,32.25
2025-06-12,6.825,5.891666666666667,414.4166666666667,11.454166666666666,5.258333333333334,54.375,0.27416666666666667,1.7916666666666667,0.96875,41.208333333333336,24.041666666666668
2025-06-13,5.6625000000000005,4.970833333333333,358.125,8.895833333333334,5.095833333333333,62.708333333333336,0.1875,1.125,1.5041666666666667,29.0,25.166666666666668
2025-06-14,3.9,3.6458333333333335,307.875,8.291666666666666,4.633333333333334,55.333333333333336,0.13291666666666666,0.20833333333333334,1.2604166666666667,26.625,22.0
2025-06-15,3.158333333333333,3.0666666666666664,253.5,8.308333333333334,3.966666666666667,45.333333333333336,0.07958333333333334,0.0,0.8625000000000002,20.916666666666668,18.166666666666668
2025-06-16,3.5250000000000004,3.220833333333333,267.5,8.200000000000001,3.8249999999999997,54.708333333333336,0.10375000000000001,0.4583333333333333,1.1208333333333333,24.75,21.833333333333332
2025-06-17,5.291666666666667,3.9333333333333336,306.0416666666667,7.620833333333334,3.875,59.666666666666664,0.17666666666666667,2.2083333333333335,2.1750000000000003,27.958333333333332,23.916666666666668
2025-06-18,7.0874999999999995,4.9750000000000005,325.875,8.516666666666667,4.3,52.708333333333336,0.1991666666666667,3.6666666666666665,2.1104166666666666,24.75,21.083333333333332
2025-06-19,11.745833333333332,6.645833333333333,281.1666666666667,8.633333333333333,4.245833333333334,52.166666666666664,0.26875,8.791666666666666,2.13125,25.333333333333332,20.833333333333332
2025-06-20,13.233333333333334,7.7124999999999995,282.7083333333333,8.591666666666667,4.2,54.875,0.2920833333333333,9.708333333333334,2.222916666666667,31.375,22.041666666666668
2025-06-21,10.991666666666667,6.945833333333333,251.29166666666666,8.825000000000001,4.204166666666667,49.791666666666664,0.3075,6.5,2.0145833333333334,31.25,20.083333333333332
2025-06-22,10.137500000000001,6.533333333333334,283.2083333333333,9.450000000000001,4.1125,45.833333333333336,0.27958333333333335,6.083333333333333,1.4937500000000001,29.333333333333332,18.416666666666668
2025-06-23,5.641666666666667,4.179166666666666,254.91666666666666,9.104166666666666,4.2124999999999995,41.041666666666664,0.20166666666666666,2.5833333333333335,0.9395833333333333,23.541666666666668,16.375
2025-06-24,7.4750000000000005,4.5375000000000005,216.54166666666666,6.508333333333333,3.2416666666666667,43.416666666666664,0.28250000000000003,5.666666666666667,1.7562499999999999,20.791666666666668,17.291666666666668
2025-06-25,9.154166666666667,4.929166666666666,227.375,6.970833333333332,3.5416666666666665,42.041666666666664,0.2783333333333333,9.625,1.6375,20.666666666666668,16.833333333333332
2025-06-26,9.141666666666667,5.108333333333333,240.45833333333334,7.7875000000000005,3.891666666666667,44.125,0.3095833333333333,7.791666666666667,2.0083333333333333,22.416666666666668,17.666666666666668
2025-06-27,14.612499999999999,6.8,253.54166666666666,8.054166666666667,4.170833333333333,46.583333333333336,0.385,13.041666666666666,1.7083333333333333,25.416666666666668,18.916666666666668
2025-06-28,12.941666666666668,6.9750000000000005,268.5833333333333,9.45,4.425,47.458333333333336,0.3804166666666667,10.375,1.95625,27.541666666666668,19.083333333333332
2025-06-29,19.037499999999998,7.8999999999999995,244.79166666666666,8.341666666666667,3.9458333333333333,48.25,0.45208333333333334,21.416666666666668,1.8395833333333333,30.458333333333332,19.833333333333332
2025-06-30,12.983333333333334,6.833333333333333,238.29166666666666,9.429166666666667,4.241666666666666,44.708333333333336,0.33208333333333334,10.958333333333334,1.2916666666666667,34.416666666666664,20.333333333333332
2025-07-01,11.766666666666666,6.804166666666667,235.54166666666666,10.85,4.575,45.916666666666664,0.30375,8.375,1.23125,26.791666666666668,18.375
2025-07-02,7.8125,4.941666666666666,261.2083333333333,9.4625,4.25,43.75,0.2625,4.875,1.9500000000000002,26.0,17.5
2025-07-03,5.7,4.2250000000000005,311.5,8.670833333333333,4.208333333333333,40.791666666666664,0.24,2.4166666666666665,1.8791666666666667,20.625,16.458333333333332
2025-07-04,9.958333333333334,5.679166666666667,228.83333333333334,7.533333333333334,3.6791666666666667,44.791666666666664,0.24583333333333335,7.666666666666667,2.05625,22.125,17.916666666666668
2025-07-05,6.429166666666667,3.891666666666667,242.95833333333334,6.6875,3.4333333333333336,46.125,0.21166666666666667,4.708333333333333,2.10625,23.541666666666668,18.416666666666668
2025-07-06,7.066666666666666,4.141666666666667,232.66666666666666,6.966666666666666,3.4375,51.333333333333336,0.26416666666666666,5.5,2.0187500000000003,23.458333333333332,20.458333333333332
2025-07-07,13.479166666666666,5.854166666666667,218.79166666666666,6.920833333333333,3.391666666666667,51.416666666666664,0.3833333333333333,15.041666666666666,1.7708333333333333,23.875,20.583333333333332
2025-07-08,15.970833333333333,7.141666666666667,225.45833333333334,7.2250000000000005,3.5541666666666667,50.958333333333336,0.4166666666666667,18.5,2.122916666666667,26.583333333333332,20.416666666666668
2025-07-09,12.9125,6.629166666666666,241.33333333333334,9.2125,4.295833333333333,42.208333333333336,0.35791666666666666,11.416666666666666,1.1083333333333334,30.125,17.875
2025-07-10,13.075000000000001,7.154166666666666,273.0833333333333,10.795833333333334,4.8125,39.791666666666664,0.3233333333333333,10.083333333333334,1.7312500000000002,27.416666666666668,16.375
2025-07-11,11.679166666666667,7.045833333333333,309.9583333333333,11.320833333333333,5.0874999999999995,40.833333333333336,0.27166666666666667,8.541666666666666,1.9854166666666666,32.041666666666664,18.5
2025-07-12,7.166666666666667,5.904166666666666,289.9166666666667,14.825000000000001,6.0874999999999995,34.916666666666664,0.18875,2.25,0.7479166666666667,25.5,15.041666666666666
2025-07-13,9.708333333333334,6.095833333333334,310.4166666666667,10.979166666666666,4.758333333333334,44.708333333333336,0.22958333333333333,6.625,1.8020833333333333,26.291666666666668,18.0
2025-07-14,7.833333333333333,5.0,253.41666666666666,9.370833333333334,4.416666666666667,43.666666666666664,0.23500000000000001,4.666666666666667,1.9395833333333334,25.083333333333332,17.5
2025-07-15,4.375,3.525,248.04166666666666,8.904166666666667,4.329166666666667,46.25,0.16625,1.7916666666666667,2.097916666666667,22.083333333333332,18.625
2025-07-16,9.445833333333335,6.116666666666667,301.9583333333333,12.395833333333334,5.3999999999999995,40.291666666666664,0.21125000000000002,6.291666666666667,1.1208333333333333,19.875,16.375
2025-07-17,5.629166666666666,4.791666666666667,343.0,11.9625,5.333333333333333,36.458333333333336,0.15916666666666668,1.4583333333333333,1.34375,23.375,14.708333333333334
2025-07-18,8.1875,5.895833333333333,360.125,11.816666666666668,5.25,38.791666666666664,0.1775,4.416666666666667,1.5770833333333334,22.875,15.625
2025-07-19,8.020833333333334,5.404166666666666,339.5416666666667,9.733333333333333,4.845833333333333,42.916666666666664,0.15458333333333332,4.666666666666667,1.7354166666666666,24.125,17.208333333333332
2025-07-20,5.6499999999999995,4.591666666666667,321.7083333333333,11.604166666666666,5.070833333333334,43.375,0.15458333333333332,1.4166666666666667,1.4708333333333334,22.583333333333332,17.416666666666668
2025-07-21,5.45,5.0375000000000005,360.0833333333333,12.908333333333333,5.408333333333334,43.791666666666664,0.12458333333333334,0.5,1.3416666666666668,21.75,17.5
2025-07-22,5.175,4.2625,315.75,10.641666666666667,4.8,48.916666666666664,0.12083333333333333,1.5416666666666667,1.8416666666666668,23.541666666666668,19.541666666666668
2025-07-23,3.591666666666667,3.3333333333333335,280.5833333333333,10.0375,4.591666666666667,47.583333333333336,0.12083333333333333,0.2916666666666667,0.8541666666666666,22.083333333333332,19.125
2025-07-24,3.4125,3.079166666666667,277.0,9.641666666666667,4.191666666666667,45.958333333333336,0.10958333333333332,0.5416666666666666,1.16875,21.833333333333332,18.458333333333332
2025-07-25,5.666666666666667,3.6374999999999997,246.54166666666666,7.066666666666666,3.3041666666666667,46.583333333333336,0.16416666666666666,3.7083333333333335,1.7791666666666666,21.25,18.625
2025-07-26,9.895833333333334,5.766666666666667,227.79166666666666,7.179166666666667,3.2083333333333335,50.166666666666664,0.23083333333333333,8.666666666666666,1.7479166666666668,23.5,20.0
2025-07-27,11.016666666666666,6.458333333333333,245.75,6.920833333333333,3.3208333333333333,46.041666666666664,0.2775,7.416666666666667,1.5729166666666667,24.083333333333332,18.458333333333332
2025-07-28,12.6875,7.0375000000000005,243.45833333333334,6.45,3.3541666666666665,47.25,0.37833333333333335,9.958333333333334,1.8791666666666667,29.0,19.041666666666668
2025-07-29,9.325000000000001,5.829166666666667,239.95833333333334,6.929166666666667,3.6625,44.208333333333336,0.35083333333333333,4.916666666666667,2.1687499999999997,29.5,18.083333333333332
2025-07-30,13.366666666666667,6.766666666666667,250.45833333333334,7.583333333333333,3.7375000000000003,46.791666666666664,0.435,12.291666666666666,1.7458333333333333,23.791666666666668,18.708333333333332
2025-07-31,17.7,9.420833333333333,289.2916666666667,12.304166666666667,5.3125,44.208333333333336,0.3741666666666667,14.75,1.79375,32.625,19.125
2025-08-01,22.795833333333334,11.779166666666667,367.7083333333333,14.116666666666667,5.95,44.416666666666664,0.3658333333333333,20.625,1.6270833333333332,45.625,23.166666666666668
2025-08-02,23.183333333333334,13.104166666666666,327.2083333333333,15.387500000000001,7.1875,43.958333333333336,0.35125,18.708333333333332,1.925,51.541666666666664,26.416666666666668
2025-08-03,20.604166666666668,16.958333333333332,412.5833333333333,22.616666666666664,9.358333333333333,34.708333333333336,0.33958333333333335,7.041666666666667,1.1708333333333334,49.833333333333336,24.958333333333332
2025-08-04,22.55,18.900000000000002,420.125,26.320833333333336,9.441666666666666,38.0,0.3979166666666667,6.791666666666667,1.175,63.416666666666664,36.625
2025-08-05,20.629166666666666,16.783333333333335,585.0833333333334,21.4375,9.125,54.083333333333336,0.3325,7.833333333333333,1.5125,70.08333333333333,46.25
2025-08-06,6.9750000000000005,6.741666666666667,479.9166666666667,13.970833333333333,6.291666666666667,45.416666666666664,0.16625,0.4166666666666667,2.1750000000000003,41.583333333333336,25.125
2025-08-07,9.1625,8.908333333333333,683.2916666666666,16.341666666666665,7.8500000000000005,48.708333333333336,0.22041666666666668,0.125,2.1687499999999997,35.875,22.166666666666668
2025-08-08,13.720833333333333,13.016666666666666,646.0833333333334,24.733333333333334,8.654166666666667,38.708333333333336,0.32541666666666663,1.25,1.4395833333333332,39.916666666666664,22.083333333333332
2025-08-09,15.445833333333333,13.762500000000001,662.7916666666666,21.395833333333332,8.729166666666666,46.916666666666664,0.32875000000000004,3.25,1.625,55.958333333333336,30.166666666666668
2025-08-10,15.366666666666667,11.85,524.0416666666666,18.120833333333334,7.683333333333334,42.833333333333336,0.24,6.708333333333333,1.9666666666666668,50.916666666666664,26.666666666666668
2025-08-11,13.3125,10.158333333333333,407.2083333333333,16.229166666666668,6.175,41.583333333333336,0.19999999999999998,6.041666666666667,2.15,47.5,24.791666666666668
2025-08-12,10.204166666666667,8.008333333333333,349.2916666666667,12.629166666666668,5.279166666666667,37.125,0.20625000000000002,3.9166666666666665,1.5020833333333334,35.583333333333336,18.708333333333332
2025-08-13,5.741666666666667,5.354166666666667,418.9583333333333,14.495833333333332,5.541666666666667,31.916666666666668,0.1325,0.5416666666666666,1.29375,28.958333333333332,15.125
2025-08-14,4.7749999999999995,4.458333333333333,325.25,10.758333333333333,4.933333333333334,42.666666666666664,0.14541666666666667,0.25,1.5333333333333332,22.916666666666668,17.041666666666668
2025-08-15,5.083333333333333,4.233333333333333,303.875,10.45,4.604166666666667,43.75,0.17125,1.5,1.34375,21.125,17.458333333333332
2025-08-16,8.083333333333334,5.170833333333333,329.0,9.6625,3.9333333333333336,39.25,0.27875,5.291666666666667,1.8937499999999998,19.5,15.791666666666666
2025-08-17,5.008333333333334,4.091666666666667,327.0416666666667,10.283333333333333,4.129166666666666,37.208333333333336,0.24458333333333335,1.5416666666666667,1.51875,21.541666666666668,14.875
2025-08-18,6.095833333333334,4.479166666666667,318.7083333333333,8.3375,3.6625,42.708333333333336,0.21250000000000002,2.7916666666666665,1.3562500000000002,19.125,17.083333333333332
2025-08-19,7.845833333333334,6.266666666666667,255.91666666666666,6.55,3.1875,54.25,0.2125,1.5833333333333333,2.1625,25.125,21.625
2025-08-20,13.233333333333334,8.945833333333333,291.375,8.595833333333333,4.108333333333333,53.833333333333336,0.21875,7.041666666666667,2.1062499999999997,30.0,21.875
2025-08-21,20.841666666666665,13.2125,402.2083333333333,16.091666666666665,6.304166666666667,42.458333333333336,0.25125000000000003,13.583333333333334,1.9708333333333332,42.458333333333336,22.666666666666668
2025-08-22,23.570833333333336,16.520833333333332,585.4166666666666,21.879166666666666,8.229166666666666,33.458333333333336,0.3066666666666667,12.333333333333334,1.9020833333333333,57.708333333333336,31.166666666666668
2025-08-23,24.162499999999998,15.983333333333334,401.375,19.916666666666668,7.845833333333334,36.25,0.32958333333333334,13.666666666666666,1.8125,61.458333333333336,34.833333333333336
2025-08-24,17.779166666666665,11.820833333333333,401.0833333333333,15.887500000000001,6.3125,43.291666666666664,0.23375,10.541666666666666,2.6333333333333333,51.666666666666664,27.375
2025-08-25,16.429166666666667,14.950000000000001,413.6666666666667,19.520833333333332,7.504166666666666,38.791666666666664,0.17041666666666666,1.8333333333333333,2.6041666666666665,52.083333333333336,27.083333333333332
2025-08-26,10.929166666666667,9.924999999999999,322.5416666666667,14.783333333333333,6.3625,43.958333333333336,0.16291666666666668,0.6666666666666666,2.15,54.791666666666664,28.958333333333332
2025-08-27,4.254166666666667,3.9916666666666667,300.125,10.408333333333333,4.745833333333334,34.208333333333336,0.08791666666666666,0.2916666666666667,1.3708333333333333,25.625,15.041666666666666
2025-08-28,4.125,3.891666666666667,337.2916666666667,10.15,4.945833333333334,39.416666666666664,0.10375000000000001,0.3333333333333333,1.3812499999999999,18.791666666666668,15.75
2025-08-29,4.7625,4.0874999999999995,336.125,9.116666666666667,4.304166666666666,42.166666666666664,0.14333333333333334,1.2916666666666667,2.0,19.833333333333332,16.791666666666668
2025-08-30,9.295833333333333,6.1000000000000005,328.125,10.595833333333333,5.008333333333334,44.541666666666664,0.21666666666666667,5.291666666666667,2.2104166666666667,22.166666666666668,17.833333333333332
2025-08-31,8.245833333333334,5.891666666666667,317.25,10.674999999999999,4.879166666666666,41.041666666666664,0.25666666666666665,4.333333333333333,1.7854166666666667,25.291666666666668,16.333333333333332
2025-09-01,9.825000000000001,6.416666666666667,311.5833333333333,10.4625,4.670833333333333,38.666666666666664,0.31708333333333333,6.041666666666667,1.58125,26.666666666666668,15.75
2025-09-02,9.9625,6.1499999999999995,283.9583333333333,8.125,4.179166666666666,46.083333333333336,0.295,6.625,1.95,27.125,18.458333333333332
2025-09-03,8.845833333333333,5.891666666666667,344.0,9.25,4.2875000000000005,44.666666666666664,0.2325,5.541666666666667,1.9333333333333333,25.416666666666668,17.833333333333332
2025-09-04,6.8374999999999995,5.145833333333333,328.625,9.566666666666666,4.816666666666666,46.25,0.19874999999999998,2.9166666666666665,1.4791666666666667,25.333333333333332,18.458333333333332
2025-09-05,11.825000000000001,8.258333333333333,322.7083333333333,11.875,5.608333333333333,45.625,0.22875,6.375,2.18125,25.958333333333332,18.5
2025-09-06,10.995833333333332,9.025,369.3333333333333,11.820833333333333,5.745833333333334,44.0,0.21875,3.6666666666666665,2.38125,37.333333333333336,20.625
2025-09-07,12.529166666666667,10.424999999999999,361.125,14.354166666666666,6.7875000000000005,42.958333333333336,0.23416666666666666,3.7916666666666665,2.1020833333333333,42.791666666666664,22.291666666666668
2025-09-08,20.875,15.716666666666667,477.0,19.787499999999998,8.366666666666667,41.541666666666664,0.2070833333333333,9.291666666666666,2.5187500000000003,47.541666666666664,25.75
2025-09-09,30.395833333333332,24.325,423.5,29.616666666666664,11.208333333333334,50.666666666666664,0.3116666666666667,11.583333333333334,2.11875,64.625,41.166666666666664
2025-09-10,27.6375,22.8125,464.875,20.04583333333333,8.879166666666666,68.70833333333333,0.455,9.208333333333334,1.2375,82.875,61.916666666666664
2025-09-11,21.212500000000002,14.9,433.5416666666667,14.275,7.183333333333334,48.333333333333336,0.33416666666666667,11.833333333333334,2.0229166666666667,58.875,32.916666666666664
2025-09-12,30.412499999999998,23.520833333333332,488.0,23.03333333333333,10.9625,42.125,0.38166666666666665,13.5,1.7958333333333334,64.29166666666667,37.875
2025-09-13,23.3625,18.7375,431.0833333333333,21.129166666666666,8.908333333333333,50.333333333333336,0.3754166666666667,8.833333333333334,1.9937500000000001,74.91666666666667,54.791666666666664
2025-09-14,12.491666666666667,10.495833333333334,502.75,15.433333333333332,6.666666666666667,48.5,0.21625000000000003,3.5833333333333335,2.2125,52.333333333333336,28.416666666666668
2025-09-15,14.137500000000001,11.191666666666668,308.375,13.012500000000001,6.608333333333333,50.5,0.22541666666666668,5.5,2.214583333333333,46.333333333333336,24.708333333333332
2025-09-16,13.120833333333332,11.120833333333332,396.9583333333333,15.4625,7.016666666666667,47.0,0.23416666666666666,3.6666666666666665,1.6479166666666665,48.125,24.875
2025-09-17,9.016666666666667,8.470833333333333,409.5833333333333,15.166666666666666,6.870833333333334,44.958333333333336,0.19458333333333333,0.9583333333333334,1.5458333333333334,36.708333333333336,20.583333333333332
2025-09-18,8.737499999999999,7.954166666666667,406.25,14.441666666666668,6.516666666666667,40.333333333333336,0.16874999999999998,1.375,1.3979166666666665,35.375,19.0
2025-09-19,19.458333333333332,14.262500000000001,530.5,17.650000000000002,8.112499999999999,36.125,0.26208333333333333,9.75,0.6749999999999999,45.916666666666664,22.708333333333332
2025-09-20,18.404166666666665,11.387500000000001,454.6666666666667,14.391666666666666,6.345833333333334,39.041666666666664,0.245,13.0,1.53125,51.25,25.541666666666668
2025-09-21,22.995833333333334,12.608333333333334,403.0416666666667,12.091666666666667,6.129166666666666,44.208333333333336,0.2608333333333333,19.083333333333332,1.7958333333333334,50.291666666666664,25.166666666666668
2025-09-22,10.583333333333334,8.579166666666667,367.7916666666667,13.387500000000001,6.170833333333333,39.083333333333336,0.205,3.75,1.46875,43.958333333333336,21.916666666666668
2025-09-23,6.583333333333333,5.979166666666667,336.4166666666667,12.1,5.7625,33.375,0.14916666666666667,1.0,1.2958333333333332,29.333333333333332,15.625
2025-09-24,14.8375,10.333333333333334,316.5416666666667,10.566666666666668,5.479166666666667,46.583333333333336,0.20166666666666666,7.958333333333333,2.308333333333333,33.916666666666664,20.166666666666668
2025-09-25,7.570833333333333,6.520833333333333,294.7916666666667,10.754166666666668,5.0625,42.291666666666664,0.14666666666666667,1.9583333333333333,1.9937500000000001,37.708333333333336,19.833333333333332
2025-09-26,9.799999999999999,7.295833333333333,276.1666666666667,9.170833333333333,4.779166666666667,41.666666666666664,0.18999999999999997,4.041666666666667,2.1166666666666667,26.583333333333332,17.291666666666668
2025-09-27,4.825,4.008333333333334,256.5,7.883333333333333,3.9375,40.25,0.16666666666666666,1.2916666666666667,1.6375,25.625,16.625
2025-09-28,4.625,3.7875,259.375,7.379166666666666,4.0249999999999995,47.875,0.13041666666666665,1.375,2.120833333333333,22.041666666666668,19.083333333333332
2025-09-29,10.637500000000001,6.708333333333333,259.4583333333333,7.695833333333333,4.016666666666667,48.708333333333336,0.19583333333333333,6.875,1.75,22.916666666666668,19.583333333333332
2025-09-30,16.875,10.433333333333334,265.5,10.475,5.020833333333333,51.666666666666664,0.25,11.375,2.1145833333333335,37.041666666666664,21.583333333333332
2025-10-01,12.229166666666666,9.233333333333333,278.625,12.866666666666667,5.6499999999999995,44.541666666666664,0.20833333333333334,5.083333333333333,1.7166666666666668,42.5,22.25
2025-10-02,10.916666666666666,8.508333333333333,319.4583333333333,15.291666666666666,6.529166666666666,37.041666666666664,0.1679166666666667,3.75,1.8770833333333332,33.0,19.5
2025-10-03,11.9375,10.049999999999999,457.625,16.445833333333333,6.854166666666667,39.333333333333336,0.20291666666666666,2.6666666666666665,2.191666666666667,40.083333333333336,21.25
2025-10-04,19.883333333333333,17.8625,852.4166666666666,28.625,12.775,31.25,0.20750000000000002,2.4583333333333335,0.775,51.75,26.666666666666668
2025-10-05,17.679166666666667,14.170833333333334,432.125,17.974999999999998,8.654166666666667,49.708333333333336,0.1679166666666667,5.5,2.5166666666666666,62.708333333333336,36.041666666666664
2025-10-06,34.141666666666666,25.8875,482.9166666666667,26.045833333333334,13.725,46.291666666666664,0.17916666666666667,14.083333333333334,2.6645833333333333,54.666666666666664,31.5
2025-10-07,48.479166666666664,35.93333333333333,471.0,40.074999999999996,16.670833333333334,47.25,0.35041666666666665,24.0,1.9583333333333333,101.20833333333333,68.58333333333333
2025-10-08,49.725,39.954166666666666,719.7916666666666,40.375,14.091666666666667,61.833333333333336,0.6175,19.833333333333332,1.2,105.75,70.25
2025-10-09,36.699999999999996,31.162499999999998,718.375,23.65833333333333,11.120833333333332,94.125,0.5716666666666667,11.041666666666666,1.8062500000000001,101.70833333333333,67.95833333333333
2025-10-10,18.904166666666665,18.4,679.5,24.15416666666667,9.420833333333333,64.54166666666667,0.30916666666666665,0.875,1.3520833333333335,78.70833333333333,54.875
2025-10-11,26.162499999999998,24.579166666666666,736.2916666666666,29.333333333333332,10.720833333333333,60.125,0.36624999999999996,3.125,1.0708333333333333,64.70833333333333,41.25
2025-10-12,45.275,41.56666666666667,1110.4583333333333,42.75833333333333,17.304166666666667,63.166666666666664,0.3645833333333333,7.541666666666667,2.222916666666667,99.625,67.83333333333333
2025-10-13,41.56666666666667,40.025,605.9166666666666,29.7,15.191666666666668,89.16666666666667,0.5416666666666666,3.125,2.0375,118.375,74.25
2025-10-14,22.912499999999998,22.429166666666664,385.375,12.891666666666666,6.3374999999999995,74.91666666666667,0.4254166666666667,0.25,1.9770833333333335,87.5,62.916666666666664
2025-10-15,11.200000000000001,10.916666666666666,405.2916666666667,13.120833333333332,6.0,46.75,0.18791666666666665,0.0,1.4458333333333335,63.125,37.083333333333336
2025-10-16,8.049999999999999,7.7749999999999995,303.75,11.475,4.616666666666666,49.5,0.145,0.0,2.0104166666666665,33.541666666666664,21.416666666666668
2025-10-17,6.979166666666667,6.9125000000000005,317.75,13.908333333333333,5.920833333333333,31.0,0.12958333333333333,0.0,1.5916666666666668,30.208333333333332,16.083333333333332
2025-10-18,8.945833333333333,8.820833333333333,406.2083333333333,16.587500000000002,6.3999999999999995,35.083333333333336,0.1758333333333333,0.0,1.7,29.708333333333332,17.375
2025-10-19,10.924999999999999,10.8375,514.7916666666666,22.616666666666664,9.5625,29.083333333333332,0.17458333333333334,0.0,1.1854166666666666,43.291666666666664,21.291666666666668
2025-10-20,9.958333333333334,9.829166666666667,428.0,15.387500000000001,6.729166666666667,41.5,0.17041666666666666,0.0,1.7083333333333333,43.208333333333336,21.958333333333332
2025-10-21,8.145833333333334,7.8374999999999995,394.7916666666667,16.683333333333334,5.908333333333334,33.791666666666664,0.14125000000000001,0.0,1.1125,36.583333333333336,19.291666666666668
2025-10-22,4.879166666666666,4.825,444.6666666666667,13.512500000000001,6.020833333333333,44.541666666666664,0.09833333333333334,0.0,1.2437500000000001,27.791666666666668,18.208333333333332
2025-10-23,12.033333333333333,11.700000000000001,850.9166666666666,23.304166666666664,10.450000000000001,45.125,0.14541666666666667,0.0,1.5687499999999999,27.833333333333332,22.416666666666668
2025-10-24,15.704166666666666,14.695833333333333,654.4583333333334,22.287499999999998,9.483333333333333,45.041666666666664,0.17708333333333334,0.0,1.7562499999999999,58.041666666666664,31.666666666666668
2025-10-25,12.091666666666667,10.691666666666668,650.8333333333334,16.5,7.2250000000000005,51.416666666666664,0.1425,0.125,2.222916666666667,48.291666666666664,26.625
2025-10-26,23.337500000000002,20.804166666666667,718.5416666666666,29.96666666666667,11.133333333333333,39.916666666666664,0.1875,1.0833333333333333,2.13125,56.875,32.125
2025-10-27,13.995833333333332,12.670833333333334,461.0416666666667,20.454166666666666,8.791666666666666,35.5,0.17,0.75,0.7729166666666667,66.04166666666667,40.166666666666664
2025-10-28,7.645833333333333,7.379166666666666,400.75,12.941666666666668,5.454166666666667,42.083333333333336,0.18958333333333333,0.0,0.5854166666666666,33.875,18.125
2025-10-29,8.420833333333333,7.9750000000000005,345.875,9.229166666666666,4.466666666666667,54.375,0.14375000000000002,0.16666666666666666,1.5854166666666665,30.75,21.666666666666668
2025-10-30,15.275,13.645833333333334,413.0416666666667,13.166666666666666,6.170833333333333,56.5,0.16041666666666668,1.9166666666666667,1.675,44.583333333333336,25.333333333333332
2025-10-31,24.224999999999998,19.204166666666666,475.6666666666667,22.570833333333336,9.529166666666667,49.416666666666664,0.1625,7.666666666666667,2.189583333333333,60.041666666666664,33.791666666666664
2025-11-01,28.554166666666664,25.375,804.875,36.1125,14.575000000000001,59.75,0.14833333333333334,4.5,2.370833333333333,68.91666666666667,47.25
2025-11-02,31.5625,30.287499999999998,714.4166666666666,38.762499999999996,15.25,57.708333333333336,0.23291666666666666,1.125,1.78125,79.79166666666667,60.958333333333336
2025-11-03,43.17083333333333,41.61666666666667,637.6666666666666,42.145833333333336,18.608333333333334,51.0,0.3025,1.625,1.9749999999999999,113.08333333333333,72.58333333333333
2025-11-04,23.150000000000002,22.3125,546.75,25.84166666666667,10.012500000000001,55.333333333333336,0.29625,0.5833333333333334,1.5687499999999999,94.04166666666667,65.91666666666667
2025-11-05,17.366666666666667,17.075,510.0416666666667,22.59166666666667,9.120833333333334,54.708333333333336,0.3145833333333333,0.0,0.8729166666666667,60.333333333333336,35.0
2025-11-06,25.129166666666666,24.820833333333336,651.5416666666666,33.895833333333336,11.641666666666666,50.333333333333336,0.3645833333333333,0.0,1.4041666666666668,72.54166666666667,50.708333333333336
2025-11-07,33.85,33.416666666666664,544.75,27.479166666666668,12.487499999999999,73.29166666666667,0.5220833333333333,0.2916666666666667,1.7145833333333333,82.04166666666667,59.958333333333336
2025-11-08,40.47083333333333,39.791666666666664,504.625,22.65416666666667,13.358333333333334,88.58333333333333,0.5075,1.2916666666666667,1.3104166666666666,109.54166666666667,71.5
2025-11-09,26.708333333333332,26.075,517.0,33.18333333333333,13.258333333333333,80.54166666666667,0.23458333333333334,1.25,2.1437500000000003,87.375,62.416666666666664
2025-11-10,39.43333333333333,38.729166666666664,708.75,36.975,14.4,88.33333333333333,0.42583333333333334,1.375,1.9333333333333333,102.29166666666667,67.75
2025-11-11,41.583333333333336,40.824999999999996,624.4166666666666,22.425,11.445833333333333,99.125,0.7287499999999999,1.4166666666666667,1.3145833333333334,111.04166666666667,72.04166666666667
2025-11-12,41.50833333333333,40.579166666666666,509.2916666666667,18.904166666666665,10.695833333333333,88.08333333333333,0.6354166666666666,1.375,1.4666666666666668,113.79166666666667,72.875
2025-11-13,36.88333333333333,36.0875,470.875,15.804166666666667,6.633333333333333,88.41666666666667,0.5920833333333333,1.0416666666666667,1.5875000000000001,106.41666666666667,70.54166666666667
2025-11-14,38.791666666666664,37.93333333333333,479.625,14.775,6.5874999999999995,104.70833333333333,0.6095833333333333,1.0,1.2833333333333334,97.70833333333333,67.54166666666667
2025-11-15,40.891666666666666,39.06666666666667,517.4583333333334,17.270833333333332,9.454166666666667,97.04166666666667,0.39625,3.0,1.95625,115.70833333333333,73.45833333333333
2025-11-16,47.79583333333333,44.93333333333334,471.375,14.549999999999999,7.716666666666666,92.16666666666667,0.5054166666666667,4.333333333333333,1.3895833333333334,116.54166666666667,73.66666666666667
2025-11-17,39.65416666666667,38.454166666666666,533.9583333333334,16.033333333333335,12.375,98.70833333333333,0.35625,2.0416666666666665,1.4041666666666668,114.04166666666667,72.83333333333333
2025-11-18,25.141666666666666,24.675,534.5,13.295833333333334,10.1875,95.95833333333333,0.24541666666666664,0.4166666666666667,0.8312499999999999,97.45833333333333,67.41666666666667
2025-11-19,17.979166666666668,17.191666666666666,508.25,17.129166666666666,5.658333333333334,69.16666666666667,0.23208333333333334,0.0,1.1958333333333333,61.041666666666664,37.875
2025-11-20,31.758333333333336,31.175,517.8333333333334,16.270833333333332,10.433333333333334,95.45833333333333,0.32416666666666666,0.375,1.9791666666666667,80.33333333333333,55.541666666666664
2025-11-21,12.512500000000001,12.141666666666666,432.5416666666667,12.229166666666666,5.654166666666666,65.79166666666667,0.13291666666666666,0.0,1.4875,74.375,50.083333333333336
2025-11-22,6.854166666666667,6.545833333333333,319.5416666666667,11.35,4.491666666666666,55.25,0.12916666666666668,0.0,1.48125,32.291666666666664,22.625
2025-11-23,7.291666666666667,7.016666666666667,357.25,12.358333333333334,4.8625,55.333333333333336,0.12791666666666668,0.0,1.7791666666666668,30.875,22.208333333333332
2025-11-24,9.970833333333333,9.487499999999999,352.6666666666667,13.4625,4.8,55.916666666666664,0.17916666666666667,0.08333333333333333,1.0583333333333333,28.458333333333332,22.333333333333332
2025-11-25,33.44583333333333,32.12083333333333,404.8333333333333,13.0,4.966666666666667,87.95833333333333,0.45375000000000004,0.9583333333333334,1.3583333333333334,68.875,49.041666666666664
2025-11-26,40.4125,38.99583333333333,403.9583333333333,11.6875,6.4624999999999995,96.125,0.3454166666666667,1.5416666666666667,1.9395833333333332,102.91666666666667,69.33333333333333
2025-11-27,48.17916666666667,46.5625,462.5,11.15,7.6000000000000005,103.70833333333333,0.46875,1.5416666666666667,1.5083333333333335,118.04166666666667,74.125
2025-11-28,51.67916666666667,50.50416666666666,483.2916666666667,11.183333333333332,10.533333333333333,119.58333333333333,0.5791666666666667,1.375,1.1791666666666667,131.29166666666666,78.375
2025-11-29,37.63333333333333,36.574999999999996,414.3333333333333,15.379166666666668,12.283333333333333,95.79166666666667,0.3333333333333333,0.9166666666666666,0.6104166666666667,127.125,77.04166666666667
2025-11-30,11.279166666666667,11.154166666666667,443.0416666666667,15.745833333333332,8.945833333333333,68.83333333333333,0.13833333333333334,0.0,0.7395833333333334,70.41666666666667,45.041666666666664
2025-12-01,12.525,12.450000000000001,387.375,13.4375,10.220833333333333,75.04166666666667,0.15833333333333333,0.0,1.4520833333333334,45.791666666666664,30.166666666666668
2025-12-02,13.983333333333334,13.904166666666667,407.4166666666667,12.095833333333333,10.645833333333334,88.25,0.1675,0.0,1.6979166666666667,53.75,36.166666666666664
2025-12-03,7.3500000000000005,7.320833333333333,398.2916666666667,13.987499999999999,7.566666666666666,68.5,0.15875,0.0,0.9333333333333332,44.375,27.666666666666668
2025-12-04,7.6499999999999995,7.570833333333333,389.0416666666667,12.75,6.1125,63.333333333333336,0.2175,0.0,0.9458333333333333,32.25,25.375
2025-12-05,22.97083333333333,22.583333333333332,426.2083333333333,10.708333333333334,5.1375,81.54166666666667,0.47875,0.0,0.9354166666666667,45.083333333333336,33.416666666666664
2025-12-06,46.975,46.18333333333334,528.875,13.179166666666667,9.491666666666667,97.08333333333333,0.5283333333333333,0.3333333333333333,1.5979166666666667,108.45833333333333,70.54166666666667
2025-12-07,40.737500000000004,39.55833333333333,489.6666666666667,13.854166666666666,6.433333333333334,83.58333333333333,0.3983333333333334,0.4166666666666667,1.5354166666666667,119.125,74.5
2025-12-08,42.887499999999996,42.32083333333333,558.7083333333334,14.5625,11.483333333333334,103.08333333333333,0.29125,0.4583333333333333,1.9479166666666667,114.58333333333333,73.125
2025-12-09,34.770833333333336,33.854166666666664,468.5,12.045833333333334,9.049999999999999,100.54166666666667,0.33499999999999996,1.0,1.40625,109.0,71.33333333333333
2025-12-10,35.225,33.795833333333334,438.5,13.612499999999999,13.058333333333332,107.45833333333333,0.24916666666666668,2.625,2.0229166666666667,91.20833333333333,65.04166666666667
2025-12-11,46.833333333333336,44.987500000000004,500.0,14.141666666666666,13.958333333333334,114.625,0.32625,3.0,1.825,112.29166666666667,72.375
2025-12-12,47.93333333333334,46.612500000000004,572.7916666666666,18.395833333333332,11.754166666666668,105.0,0.3020833333333333,1.9166666666666667,1.90625,124.75,76.16666666666667
2025-12-13,39.34166666666667,37.37916666666667,588.3333333333334,20.658333333333335,12.245833333333332,104.08333333333333,0.205,3.4583333333333335,1.9666666666666668,123.83333333333333,76.0
2025-12-14,31.804166666666664,30.170833333333334,477.2083333333333,18.4,10.729166666666666,97.75,0.17916666666666667,2.2916666666666665,2.025,89.58333333333333,64.375
2025-12-15,37.487500000000004,34.9375,455.0,15.720833333333333,8.0,90.625,0.22291666666666665,3.7083333333333335,1.9666666666666668,97.375,67.375
2025-12-16,28.445833333333336,26.770833333333332,434.75,10.345833333333333,6.2124999999999995,86.625,0.21125000000000002,2.5416666666666665,1.3833333333333335,91.79166666666667,65.375
2025-12-17,14.258333333333333,13.362499999999999,321.0833333333333,11.645833333333334,4.925,72.375,0.15958333333333333,0.8333333333333334,1.8979166666666665,62.708333333333336,40.083333333333336
2025-12-18,37.358333333333334,35.25,518.8333333333334,18.716666666666665,11.0375,91.16666666666667,0.20291666666666666,3.5,1.7375,72.04166666666667,49.5
2025-12-19,56.50416666666666,54.31666666666666,621.4166666666666,25.570833333333336,12.870833333333332,88.95833333333333,0.3175,3.2916666666666665,1.73125,127.20833333333333,77.125
2025-12-20,64.6375,62.46666666666667,633.9583333333334,25.866666666666664,13.579166666666666,93.91666666666667,0.45208333333333334,3.4583333333333335,1.6604166666666667,152.20833333333334,87.875
2025-12-21,58.17916666666667,55.65833333333333,560.0,19.220833333333335,11.2125,95.83333333333333,0.4191666666666667,3.7083333333333335,1.6770833333333333,151.04166666666666,86.08333333333333
2025-12-22,43.85,40.645833333333336,450.3333333333333,17.204166666666666,7.729166666666667,78.125,0.39875,4.541666666666667,1.4645833333333333,139.33333333333334,81.16666666666667
2025-12-23,41.21666666666667,39.475,539.125,18.1375,8.674999999999999,92.25,0.3408333333333333,2.1666666666666665,1.73125,104.83333333333333,70.0
2025-12-24,48.6,46.9375,582.7916666666666,19.854166666666668,9.633333333333333,99.79166666666667,0.41375,2.2916666666666665,1.6229166666666668,117.25,73.95833333333333
2025-12-25,39.8375,38.166666666666664,507.9166666666667,19.175,8.612499999999999,83.70833333333333,0.34125,2.0833333333333335,1.85625,128.16666666666666,77.375
2025-12-26,29.087500000000002,28.15416666666667,460.0,13.283333333333333,5.575,88.625,0.3591666666666667,0.8333333333333334,1.2708333333333333,86.79166666666667,63.333333333333336
2025-12-27,41.3375,39.82083333333333,478.75,13.375,7.316666666666666,102.29166666666667,0.4254166666666666,1.2083333333333333,1.8229166666666667,102.91666666666667,69.08333333333333
2025-12-28,36.84166666666667,35.483333333333334,501.75,16.537499999999998,7.8,92.91666666666667,0.3620833333333333,0.9583333333333334,1.7666666666666666,101.25,68.58333333333333
2025-12-29,43.699999999999996,42.28333333333333,509.0833333333333,15.604166666666666,7.654166666666666,91.08333333333333,0.4183333333333333,1.0,1.8375000000000001,107.20833333333333,70.70833333333333
2025-12-30,48.11666666666667,46.82916666666667,687.0,20.974999999999998,10.0875,90.83333333333333,0.5170833333333333,1.0,1.7062499999999998,126.66666666666667,76.95833333333333
2025-12-31,52.26666666666667,51.025,703.375,27.09166666666667,10.095833333333333,82.58333333333333,0.53,1.0,1.5,130.16666666666666,78.04166666666667
2026-01-01,54.46666666666667,53.30833333333334,526.8333333333334,18.754166666666666,8.7,84.79166666666667,0.9387500000000001,1.0,1.05,138.33333333333334,80.66666666666667
2026-01-02,54.31666666666666,53.01666666666667,485.9583333333333,15.070833333333333,9.420833333333333,100.95833333333333,0.87,1.0,1.2583333333333333,147.16666666666666,83.5
2026-01-03,50.5625,49.637499999999996,523.6666666666666,11.174999999999999,5.9875,111.04166666666667,0.7174999999999999,0.7916666666666666,1.4625000000000001,141.16666666666666,81.58333333333333
2026-01-04,42.916666666666664,41.520833333333336,474.1666666666667,13.075000000000001,8.229166666666666,103.75,0.4879166666666667,1.2916666666666667,1.7562499999999999,124.08333333333333,76.20833333333333
2026-01-05,40.141666666666666,38.520833333333336,467.1666666666667,11.6,6.858333333333333,99.41666666666667,0.4170833333333333,1.5833333333333333,1.9583333333333333,110.125,71.75
2026-01-06,56.479166666666664,54.987500000000004,467.875,9.5625,5.279166666666667,102.5,0.8091666666666667,1.5,0.9479166666666666,128.75,77.66666666666667
2026-01-07,37.81666666666667,36.208333333333336,425.0416666666667,8.8125,4.8,99.5,0.445,2.2916666666666665,1.9479166666666667,130.875,78.33333333333333
2026-01-08,31.695833333333336,30.041666666666668,383.0,10.825000000000001,6.379166666666666,95.41666666666667,0.22166666666666668,2.0416666666666665,2.066666666666667,95.04166666666667,66.5
2026-01-09,28.65833333333333,27.204166666666666,404.0416666666667,10.570833333333335,7.854166666666667,103.29166666666667,0.21,1.5,2.0458333333333334,83.08333333333333,61.791666666666664
2026-01-10,35.7125,34.32083333333333,456.5,12.458333333333334,9.404166666666667,103.58333333333333,0.32166666666666666,1.375,1.175,87.5,63.666666666666664
2026-01-11,17.837500000000002,17.537499999999998,448.625,13.366666666666667,7.466666666666668,84.16666666666667,0.22624999999999998,0.0,0.6583333333333333,86.41666666666667,61.291666666666664
2026-01-12,15.708333333333334,15.295833333333334,403.2083333333333,10.983333333333334,4.929166666666666,91.375,0.20791666666666667,0.0,0.9666666666666667,52.166666666666664,37.75
2026-01-13,22.270833333333332,21.445833333333336,416.25,19.270833333333332,7.254166666666666,72.25,0.23916666666666667,0.0,1.6104166666666666,65.08333333333333,39.625
2026-01-14,26.25,25.633333333333336,549.5,25.858333333333334,9.725,62.666666666666664,0.22916666666666666,0.0,1.6125,80.33333333333333,59.166666666666664
2026-01-15,25.833333333333332,25.400000000000002,584.1666666666666,21.629166666666666,10.391666666666667,85.375,0.26958333333333334,0.0,1.6479166666666665,74.04166666666667,55.208333333333336
2026-01-16,50.12083333333334,48.916666666666664,522.7916666666666,20.466666666666665,13.383333333333333,102.875,0.43291666666666667,1.6666666666666667,1.84375,104.20833333333333,69.5
2026-01-17,49.26666666666667,46.72083333333333,586.9583333333334,26.02916666666667,10.883333333333333,85.375,0.27791666666666665,4.625,1.98125,139.75,81.16666666666667
2026-01-18,33.25833333333333,32.4625,661.4166666666666,26.854166666666668,12.362499999999999,90.79166666666667,0.1758333333333333,1.4583333333333333,2.091666666666667,108.66666666666667,70.95833333333333
2026-01-19,38.766666666666666,38.074999999999996,676.9583333333334,23.241666666666664,14.179166666666667,114.625,0.28791666666666665,1.0,2.0166666666666666,104.25,67.33333333333333
2026-01-20,31.870833333333334,31.104166666666668,519.5833333333334,16.241666666666667,14.237499999999999,110.375,0.22625000000000003,0.9583333333333334,2.1020833333333333,101.91666666666667,68.5
2026-01-21,29.620833333333334,28.891666666666666,443.2083333333333,15.5,8.729166666666666,98.625,0.21,0.5833333333333334,2.1875,87.125,63.541666666666664
2026-01-22,22.05,20.754166666666666,395.125,13.424999999999999,6.0249999999999995,89.875,0.16625,1.4166666666666667,2.19375,75.875,55.041666666666664
2026-01-23,29.958333333333332,28.84583333333333,481.375,13.479166666666666,6.908333333333334,98.0,0.21583333333333332,0.7916666666666666,2.1791666666666667,79.0,57.25
2026-01-24,29.495833333333334,28.941666666666666,444.0,10.4125,5.216666666666667,96.04166666666667,0.31583333333333335,0.0,1.1187500000000001,89.33333333333333,64.375
2026-01-25,19.645833333333332,18.912499999999998,386.75,10.366666666666667,5.5125,90.70833333333333,0.21958333333333332,0.5,1.4770833333333335,73.70833333333333,51.333333333333336
2026-01-26,17.541666666666668,16.920833333333334,416.0416666666667,10.079166666666667,4.825,83.0,0.27666666666666667,0.0,1.2791666666666666,60.333333333333336,36.291666666666664
2026-01-27,28.616666666666664,27.2625,425.9166666666667,11.620833333333332,7.8125,97.79166666666667,0.38208333333333333,1.7083333333333333,1.7916666666666667,67.20833333333333,46.541666666666664
2026-01-28,45.637499999999996,43.05833333333334,484.75,13.1875,10.304166666666667,107.29166666666667,0.45875,4.333333333333333,2.0333333333333337,106.0,70.25
2026-01-29,49.512499999999996,47.2875,523.875,13.804166666666667,10.445833333333333,106.95833333333333,0.4475,3.625,2.004166666666667,121.375,75.25
2026-01-30,45.762499999999996,43.01666666666667,489.8333333333333,13.633333333333333,9.0875,101.5,0.3566666666666667,5.0,2.0812500000000003,132.54166666666666,78.83333333333333
2026-01-31,24.379166666666666,22.295833333333334,419.0,12.649999999999999,6.833333333333333,90.375,0.12958333333333333,3.5,2.40625,93.58333333333333,65.33333333333333
2026-02-01,30.891666666666666,29.433333333333334,400.8333333333333,10.3375,6.504166666666666,95.95833333333333,0.26958333333333334,1.8333333333333333,2.2645833333333334,70.0,49.791666666666664
2026-02-02,48.6,46.77916666666667,445.4166666666667,9.829166666666667,6.541666666666667,107.625,0.39666666666666667,2.4583333333333335,2.214583333333333,114.75,73.04166666666667
2026-02-03,52.36666666666667,50.68333333333334,486.9583333333333,9.9375,6.108333333333333,116.20833333333333,0.49,1.7916666666666667,1.9708333333333332,142.08333333333334,81.91666666666667
2026-02-04,15.670833333333334,14.887500000000001,359.4166666666667,11.1625,5.520833333333333,90.04166666666667,0.12916666666666668,0.5,2.4166666666666665,87.66666666666667,57.75
2026-02-05,14.3375,13.654166666666667,398.0416666666667,12.737499999999999,5.991666666666667,85.41666666666667,0.10708333333333332,0.25,2.4187499999999997,56.208333333333336,36.958333333333336
2026-02-06,18.05,17.358333333333334,419.0,10.6875,5.308333333333334,88.04166666666667,0.15833333333333333,0.7083333333333334,2.3916666666666666,53.958333333333336,36.666666666666664
2026-02-07,23.566666666666666,22.912499999999998,443.7083333333333,13.5625,6.6125,88.20833333333333,0.19083333333333333,0.875,2.4583333333333335,67.83333333333333,45.791666666666664
2026-02-08,45.3375,44.55416666666667,550.625,16.033333333333335,13.725,115.125,0.37625,0.7916666666666666,2.18125,102.83333333333333,67.58333333333333
2026-02-09,50.291666666666664,49.40833333333333,611.6666666666666,18.491666666666667,14.875,129.5,0.45208333333333334,1.0,2.1354166666666665,134.91666666666666,78.16666666666667
2026-02-10,42.55416666666667,41.37083333333333,527.875,13.174999999999999,12.220833333333333,124.33333333333333,0.3520833333333333,1.5416666666666667,2.2395833333333335,127.04166666666667,76.66666666666667
2026-02-11,35.583333333333336,33.545833333333334,424.1666666666667,11.166666666666666,9.5875,105.25,0.24625,2.9583333333333335,2.4520833333333334,105.95833333333333,70.33333333333333
2026-02-12,22.683333333333334,20.745833333333334,424.625,12.0625,6.175,88.08333333333333,0.12958333333333333,2.75,2.629166666666667,80.79166666666667,58.166666666666664
2026-02-13,15.533333333333333,14.841666666666667,426.3333333333333,13.154166666666667,6.325,82.125,0.09833333333333333,0.75,2.68125,61.375,38.583333333333336
2026-02-14,18.491666666666667,18.091666666666665,411.5833333333333,10.391666666666667,6.0375000000000005,92.375,0.11916666666666666,0.08333333333333333,2.620833333333333,60.0,39.666666666666664
2026-02-15,38.1875,37.225,496.4583333333333,20.95,13.308333333333332,114.79166666666667,0.25458333333333333,1.375,2.4625,91.45833333333333,58.708333333333336
2026-02-16,46.5875,45.42083333333333,472.375,10.862499999999999,14.216666666666667,135.41666666666666,0.4283333333333333,1.875,2.3270833333333334,118.33333333333333,72.29166666666667
2026-02-17,38.275,37.44166666666667,464.4583333333333,10.2125,13.9375,130.70833333333334,0.38666666666666666,1.4166666666666667,2.4458333333333333,123.66666666666667,75.33333333333333
2026-02-18,22.191666666666666,21.370833333333334,476.1666666666667,12.208333333333334,10.970833333333333,108.75,0.20333333333333334,1.0833333333333333,2.5124999999999997,86.83333333333333,60.375
